358 159
360 159
360 159
360 159
361 159
361 160
361 160
362 160
361 160
361 161
360 161
360 162
361 162
362 162
361 163
362 163
362 163
363 164
365 164
364 164
365 164
366 165
366 165
365 165
367 165
367 165
367 166
367 166
367 166
368 167
368 167
368 167
368 168
368 168
368 168
367 169
367 169
368 169
369 170
369 170
369 171
368 172
368 172
368 172
368 173
368 173
370 173
370 173
370 173
370 173
371 173
373 173
374 174
373 174
372 175
373 175
373 175
373 176
373 176
372 177
373 177
374 178
372 178
372 179
371 179
370 179
370 179
371 179
372 180
373 180
372 180
372 180
373 180
375 180
376 180
376 180
376 180
378 180
380 180
381 180
381 180
383 180
386 180
387 180
387 180
387 180
388 180
389 180
389 181
389 181
390 181
391 182
394 182
394 182
395 183
397 183
398 183
399 184
400 184
401 184
401 185
401 185
402 186
403 186
403 186
403 186
404 186
404 186
405 185
405 185
406 185
407 185
407 185
408 185
408 185
409 185
409 185
409 185
410 184
410 184
409 184
409 184
409 184
410 184
409 185
410 185
410 185
409 186
409 186
409 186
409 187
408 187
409 187
408 188
407 188
410 188
410 188
410 188
411 188
411 188
411 188
411 188
412 188
413 188
414 188
413 188
414 188
413 188
413 188
412 187
413 187
414 187
414 187
415 188
416 188
417 188
419 189
420 189
420 190
420 190
421 191
422 191
422 191
422 191
422 191
422 191
422 191
422 191
422 192
421 192
421 192
421 192
421 191
421 191
421 191
421 191
421 191
420 191
421 191
421 191
420 191
421 192
422 192
422 192
422 192
422 193
422 193
422 194
423 194
424 194
424 194
424 193
426 193
428 192
427 192
428 192
428 192
428 193
429 193
428 193
427 193
427 193
428 193
428 193
428 193
429 193
429 194
430 194
430 194
430 194
431 195
433 195
431 195
431 195
433 195
435 195
435 195
435 194
436 194
438 194
439 194
438 194
439 195
439 195
440 194
441 194
441 194
442 195
442 195
443 195
443 195
443 196
442 196
442 196
444 196
443 196
444 197
445 198
446 198
447 199
446 199
446 199
445 200
445 200
446 200
447 200
446 200
445 200
447 200
448 200
450 200
449 200
450 200
450 200
451 200
452 200
453 200
453 200
453 200
453 201
454 201
454 202
455 202
456 202
456 203
456 203
457 203
458 204
459 204
459 204
459 205
460 205
461 205
460 206
461 206
461 206
461 206
462 206
463 207
463 207
463 207
464 207
464 208
464 208
464 208
465 208
466 209
467 209
468 209
468 210
468 210
469 211
470 211
470 211
470 211
471 212
470 212
470 212
470 212
470 212
471 212
472 212
473 212
473 212
473 213
474 213
474 213
475 213
475 214
476 214
477 214
479 215
479 215
480 216
481 216
482 217
483 217
484 217
483 217
483 218
483 218
483 218
484 218
483 218
483 218
483 218
483 218
482 218
483 218
483 218
482 218
481 219
481 219
480 220
480 220
479 221
479 221
478 222
478 223
477 224
477 225
476 225
474 225
475 226
475 226
474 226
473 227
474 227
473 227
473 227
473 227
474 227
474 227
475 227
474 227
474 227
474 227
475 227
475 228
474 228
473 228
473 228
474 228
474 229
473 229
472 229
472 230
472 230
473 231
472 231
473 232
475 232
475 233
474 234
476 234
477 235
479 235
479 236
479 236
480 236
480 236
481 236
480 237
481 237
481 237
481 237
480 238
481 238
481 239
481 239
481 240
480 240
480 241
479 242
478 242
477 243
476 244
477 244
476 244
476 244
476 245
477 245
479 246
480 247
481 247
482 248
482 248
485 249
485 250
486 250
487 250
487 251
486 251
485 252
486 253
486 253
487 253
488 253
488 254
488 254
488 255
489 255
489 256
489 257
489 257
490 257
491 257
492 257
492 258
492 258
493 258
493 258
494 259
494 259
494 260
495 260
496 261
496 261
495 262
495 263
496 264
496 264
495 264
495 265
493 265
493 266
493 266
494 267
493 267
492 268
492 268
491 268
491 269
491 269
492 269
492 269
492 270
493 270
494 270
494 271
493 271
493 272
492 272
492 273
492 273
491 274
491 274
491 275
491 275
491 275
492 276
491 276
490 277
489 278
489 278
491 279
491 279
490 280
490 280
490 280
491 281
490 281
491 281
491 282
490 282
489 283
490 283
489 284
488 284
488 285
488 285
486 286
486 286
486 286
484 287
484 287
484 287
484 288
483 288
483 289
483 289
482 289
482 289
482 290
481 290
481 290
482 291
483 291
483 292
483 292
483 293
483 294
483 294
482 294
483 295
484 295
484 296
483 296
484 297
484 297
483 298
482 299
482 299
484 299
484 299
484 300
483 300
484 300
485 300
485 300
486 301
485 301
486 302
484 302
485 303
485 303
484 304
484 304
482 305
482 306
482 306
482 307
482 307
481 307
481 308
480 308
479 309
479 310
478 311
477 311
477 311
478 312
476 312
476 314
476 314
476 315
477 315
476 316
477 317
477 317
477 318
477 318
477 318
478 319
477 320
478 321
478 321
477 321
478 321
478 322
478 322
477 322
477 323
478 323
479 323
478 323
479 323
479 323
479 323
478 323
478 324
478 324
479 324
479 325
478 325
478 325
478 325
477 326
477 326
477 326
476 327
475 327
476 328
475 328
476 328
476 329
475 329
475 330
474 330
474 330
474 331
474 331
473 332
473 332
474 332
474 333
472 334
472 334
471 335
471 335
472 336
472 336
471 337
471 337
471 337
471 337
471 337
471 338
472 338
471 338
471 338
471 339
470 339
470 340
470 340
470 341
470 341
470 341
470 342
469 342
469 343
469 343
468 343
468 344
467 344
467 344
468 345
468 345
468 346
467 346
467 346
467 347
467 347
466 348
466 348
467 348
467 349
466 349
466 349
466 349
465 350
465 350
465 350
465 351
465 351
465 351
464 352
464 352
464 352
464 353
464 353
465 353
464 354
465 354
464 354
464 355
464 356
463 356
463 356
463 357
462 358
463 358
463 359
463 359
462 360
461 360
461 361
461 361
461 361
461 362
461 362
461 363
460 363
459 364
459 364
459 365
459 365
459 365
458 366
457 366
457 367
457 367
457 368
456 368
456 369
455 369
456 370
455 370
454 371
455 371
454 372
454 372
454 372
454 373
454 373
454 373
453 374
453 374
452 375
451 376
450 376
449 376
449 377
447 377
447 379
446 379
446 380
446 380
445 381
445 381
444 381
443 382
444 382
442 383
442 383
443 383
442 384
442 384
442 384
443 384
443 385
442 386
442 386
441 386
440 387
442 387
441 387
439 388
440 388
439 388
439 389
439 389
438 390
438 390
438 390
437 390
436 391
436 391
433 392
433 393
432 393
432 393
431 393
430 394
430 394
429 395
429 395
429 396
428 396
428 396
428 396
428 396
428 397
429 397
428 398
427 398
428 398
428 399
427 399
427 399
426 400
426 400
426 401
426 401
425 401
424 402
424 403
423 403
423 403
423 404
422 404
422 404
423 405
422 405
421 405
422 406
421 406
420 406
420 407
420 407
420 407
420 407
419 408
420 408
418 408
417 409
417 409
416 409
415 410
416 410
415 410
414 410
415 410
414 411
414 411
413 411
413 412
412 412
412 412
411 413
410 413
409 413
409 414
408 414
407 414
406 414
407 414
407 415
405 415
405 415
405 415
406 415
405 416
405 416
405 416
405 416
405 417
403 417
403 417
403 418
403 418
402 418
403 419
401 419
402 419
402 419
402 420
402 420
402 421
402 421
402 421
402 421
403 422
403 422
402 422
402 423
403 424
403 424
402 424
402 425
402 425
402 425
402 425
403 426
402 426
402 426
402 427
403 427
402 427
403 427
403 428
403 428
403 428
403 428
402 429
402 429
403 429
402 430
402 430
401 430
402 430
402 431
400 431
400 431
401 431
401 432
400 432
399 432
398 433
398 433
399 433
398 433
398 433
397 434
398 434
397 434
397 434
396 434
398 434
397 435
395 435
396 435
395 435
393 435
392 436
392 436
392 436
391 437
392 437
391 437
391 437
391 437
391 437
391 438
391 438
391 438
391 438
390 438
391 439
391 439
391 439
391 439
391 439
391 439
391 440
391 440
391 440
391 440
390 440
390 440
390 440
389 441
390 441
389 441
389 442
390 442
389 442
389 442
388 442
389 442
389 443
388 443
388 443
389 443
387 443
388 444
386 444
387 445
387 445
386 445
386 445
386 445
386 445
385 446
384 446
384 446
384 446
384 446
383 446
382 447
382 447
381 447
382 447
382 448
380 448
380 448
380 448
380 449
379 449
379 449
379 450
378 450
377 450
377 450
377 451
378 451
375 451
376 451
375 451
375 451
374 451
374 451
373 451
373 451
373 451
372 451
371 451
372 451
371 451
371 451
371 452
370 452
370 452
369 452
369 452
369 452
369 452
369 452
367 452
368 453
367 453
368 453
367 453
367 453
367 453
367 453
366 453
366 453
365 453
364 453
364 453
363 453
363 453
362 453
361 453
361 454
362 454
362 454
361 454
361 454
361 454
362 454
361 454
361 454
362 454
362 454
362 454
361 454
362 454
362 454
362 454
362 455
363 455
363 455
362 455
362 456
363 456
363 456
363 456
363 456
363 457
362 457
362 457
363 457
363 457
363 458
362 458
363 458
362 458
362 458
361 458
361 458
360 458
360 458
360 459
359 459
359 459
360 459
360 459
359 459
359 459
359 459
358 459
359 459
358 459
357 459
358 459
358 459
357 458
356 458
356 458
356 458
356 458
357 458
356 458
356 458
355 458
356 458
355 458
355 459
355 459
354 459
355 460
354 460
355 461
355 461
354 461
354 461
354 462
354 462
353 462
354 462
352 462
353 463
354 463
353 463
352 463
351 463
351 464
351 464
351 464
351 464
351 464
350 464
350 464
350 464
350 464
351 464
350 464
350 464
350 464
350 464
351 464
350 464
351 465
351 464
351 465
350 465
351 465
351 466
352 465
352 465
352 466
352 466
351 466
351 465
351 466
351 466
352 466
351 466
349 466
348 466
347 466
345 466
344 466
344 466
344 466
343 466
344 466
342 466
342 466
342 466
341 466
341 466
341 466
341 466
340 466
341 466
340 465
341 465
340 465
341 465
341 465
341 465
341 464
342 465
342 465
340 465
341 465
342 465
341 466
341 466
341 466
341 466
340 466
340 466
339 466
339 466
339 466
338 466
338 466
338 466
337 466
337 466
336 466
336 466
335 466
336 466
335 466
334 466
334 466
333 466
332 466
332 466
332 466
332 466
332 466
331 465
331 465
331 465
330 465
330 465
330 465
330 465
330 465
330 465
330 465
329 465
330 465
330 465
330 465
330 465
331 465
330 465
331 465
330 465
330 465
331 465
330 465
330 465
330 465
329 465
330 465
330 465
329 465
329 465
328 465
329 465
328 465
329 465
328 465
328 465
328 465
327 465
327 465
326 465
326 465
327 464
326 464
326 464
325 464
326 464
327 464
326 464
326 464
326 464
326 464
327 464
327 464
327 464
328 464
328 464
329 464
328 464
328 464
327 464
328 463
327 464
327 463
327 463
327 463
326 464
326 464
325 464
325 464
325 464
324 464
323 464
322 464
322 463
322 463
322 463
322 463
322 463
322 463
322 463
321 463
321 463
320 463
321 463
321 463
321 463
320 463
320 463
320 463
320 463
319 463
319 462
319 462
320 462
319 462
319 461
320 461
319 461
319 461
319 461
321 461
320 461
320 461
320 461
320 460
319 460
319 460
318 460
319 460
318 460
319 460
319 460
320 460
319 460
318 460
317 460
317 460
317 460
317 460
316 460
317 459
314 459
314 460
314 460
313 459
313 459
311 459
311 459
312 459
312 459
311 459
311 459
312 459
312 458
313 458
311 458
311 458
311 458
311 457
310 457
312 457
311 457
311 457
311 457
311 456
311 456
311 456
311 456
311 456
312 456
311 455
312 455
312 455
312 455
312 455
312 455
312 455
311 454
312 454
311 454
311 454
310 454
310 454
310 454
310 454
309 454
309 454
311 454
309 454
309 454
309 453
309 453
309 453
309 453
308 453
309 453
308 453
309 453
308 453
309 452
309 452
308 452
308 452
309 452
308 452
308 451
307 451
307 451
308 450
308 450
307 450
307 450
307 450
307 449
306 449
306 449
306 449
305 448
305 448
305 448
304 448
304 447
303 447
304 447
304 447
304 447
303 447
303 446
304 446
303 446
302 446
302 446
302 446
302 446
301 446
301 446
302 445
301 445
301 445
300 444
301 444
300 444
299 444
299 443
300 443
299 443
299 443
299 443
298 443
298 443
297 442
298 442
299 442
298 442
298 442
297 442
298 442
298 441
297 441
297 441
298 441
297 441
297 441
296 440
296 440
297 440
297 440
298 439
297 439
296 439
295 439
296 439
296 438
296 438
295 438
295 438
295 438
294 438
294 438
294 437
294 437
294 437
294 437
293 437
294 437
294 437
292 437
293 436
293 436
292 435
292 435
291 435
291 435
291 435
291 434
290 434
290 434
289 434
288 434
288 433
288 433
286 433
286 433
285 432
286 432
286 432
286 432
286 432
286 431
287 431
287 431
287 431
287 430
286 430
285 430
285 430
284 430
285 429
284 429
284 428
283 428
283 428
283 427
281 427
282 427
281 426
280 426
280 426
280 425
280 425
279 424
278 424
279 424
278 424
278 424
276 423
278 423
277 423
276 423
276 422
275 422
275 422
275 422
274 422
274 422
274 421
273 421
273 421
274 421
274 421
275 420
274 420
273 420
272 420
272 420
271 419
272 419
272 418
272 418
272 418
272 418
271 418
271 417
271 417
270 417
270 417
270 416
270 416
270 416
270 415
270 415
269 415
270 414
269 414
269 414
269 413
269 413
268 412
267 412
267 412
268 411
268 411
268 410
268 410
267 410
268 409
269 409
268 409
268 408
269 408
269 408
268 408
268 407
268 407
269 407
269 406
269 406
269 406
269 405
269 404
269 404
269 403
269 403
269 403
269 402
269 402
269 401
268 401
269 400
269 400
269 400
269 400
268 400
268 400
269 400
269 399
268 399
267 399
268 398
268 398
267 398
267 398
266 398
266 397
265 397
265 396
265 396
265 395
264 395
264 395
264 394
262 393
261 393
261 392
259 391
259 391
258 390
257 390
257 389
255 389
255 389
254 389
253 388
252 387
252 387
251 386
251 386
250 386
250 386
249 386
249 385
249 385
249 385
249 384
248 384
247 384
247 384
246 383
245 383
245 382
244 382
244 381
243 380
242 380
242 379
242 379
241 379
241 378
241 378
240 378
240 377
238 377
239 376
238 376
239 375
238 375
236 375
237 374
236 374
236 374
235 373
235 373
236 372
234 372
234 371
234 371
233 370
233 369
232 369
231 369
231 368
231 368
231 368
231 368
231 367
231 367
230 367
230 367
230 366
230 366
230 366
230 366
230 365
230 365
230 364
230 364
231 363
231 363
230 362
230 361
229 361
228 360
229 359
228 359
229 358
228 358
228 357
228 357
228 356
227 356
227 356
227 355
226 355
226 354
227 353
226 353
226 353
225 353
227 352
225 352
225 351
225 350
225 350
224 350
224 349
224 348
225 348
224 347
224 347
224 346
224 346
224 345
224 345
224 344
224 344
223 344
223 343
223 343
223 342
221 341
221 341
221 340
220 340
220 340
219 339
220 338
219 338
219 337
217 337
218 337
217 336
217 336
217 335
216 335
216 335
216 334
215 334
214 333
214 332
214 332
213 331
213 331
211 330
210 329
211 328
210 327
210 327
210 326
209 326
208 325
208 325
207 324
206 323
207 323
207 322
206 321
205 321
206 320
206 320
205 319
205 319
205 318
204 318
204 317
204 316
204 316
202 315
203 314
203 314
203 313
202 312
201 312
201 311
202 311
202 310
202 310
201 310
201 309
202 309
203 309
205 308
204 308
204 307
203 307
204 307
203 306
203 306
203 305
202 305
202 304
201 304
200 303
200 303
200 303
200 302
200 302
199 301
198 301
197 300
197 300
196 299
196 299
195 298
195 298
195 297
195 296
195 296
195 295
194 295
194 294
194 293
194 293
193 292
193 292
192 291
191 290
191 289
191 289
192 288
191 288
190 287
191 287
191 286
191 286
192 285
191 285
191 284
191 283
191 282
192 281
191 281
191 280
190 280
190 279
191 278
190 277
190 277
189 277
190 276
190 275
190 274
190 274
190 274
189 273
190 272
191 271
191 271
191 270
191 270
192 269
191 269
194 269
194 268
194 268
195 267
196 267
197 266
196 266
197 264
199 264
199 264
200 263
201 263
202 262
202 261
203 261
203 261
204 260
204 260
205 260
204 259
204 258
205 257
205 257
206 256
206 256
206 255
206 255
206 254
207 254
210 254
211 254
212 254
212 254
213 254
215 253
216 253
216 253
216 252
216 252
217 251
218 251
219 250
217 250
217 249
217 249
218 248
216 248
215 247
215 246
215 246
215 246
214 245
212 244
213 244
212 243
211 242
210 242
207 241
206 241
207 240
207 239
206 238
203 238
203 237
202 236
201 235
200 234
199 234
199 233
199 232
199 231
198 230
198 230
198 230
199 229
199 229
199 229
199 228
199 228
198 227
199 227
199 227
200 226
200 226
200 225
200 225
200 224
200 223
200 221
199 220
199 219
199 218
200 217
200 216
200 215
199 214
198 213
198 212
199 212
201 211
205 210
205 210
205 210
207 209
209 209
209 209
210 209
210 209
212 208
213 208
216 208
217 208
218 208
219 208
221 208
224 209
223 209
223 208
225 208
226 208
228 208
227 208
227 208
228 208
229 208
230 208
231 208
230 208
230 207
231 207
231 207
230 207
229 207
231 207
231 206
233 206
233 205
233 205
233 205
235 204
237 204
237 204
237 204
237 203
237 203
238 203
239 202
239 202
239 202
240 202
241 202
240 202
240 203
240 203
240 203
241 203
243 203
243 203
242 203
243 203
243 203
244 202
244 202
243 201
243 201
244 201
245 201
244 200
245 200
246 200
246 199
246 199
247 199
247 199
247 199
248 199
249 199
250 199
251 199
250 199
251 199
251 199
252 199
252 199
252 199
253 199
254 198
255 198
256 198
257 198
259 197
260 197
261 197
260 198
261 198
261 198
263 198
263 198
263 198
263 198
264 197
265 197
265 197
266 197
267 197
267 197
268 197
269 197
269 197
270 197
271 197
271 197
274 196
278 196
280 195
283 194
284 193
287 193
289 193
291 192
292 193
293 193
293 193
294 193
293 193
294 193
294 193
295 193
295 192
294 192
294 191
294 191
295 190
296 190
296 190
296 190
296 190
295 189
297 190
300 189
302 189
303 189
302 189
304 189
306 189
307 189
306 189
307 189
307 189
308 189
308 190
308 190
309 190
311 190
313 190
313 190
313 190
315 189
318 189
318 189
319 189
319 188
320 188
322 188
323 187
324 187
324 186
323 186
324 186
323 186
323 186
323 187
324 187
325 187
326 187
326 188
326 188
326 189
327 189
327 189
328 189
328 189
329 190
329 189
331 189
331 189
331 189
330 189
332 189
332 189
333 189
333 189
334 189
334 188
333 188
334 188
334 188
334 187
335 187
336 187
336 187
336 187
334 188
334 188
334 188
335 188
335 188
334 189
335 189
335 189
338 189
338 189
337 189
337 188
339 188
341 188
342 189
343 189
344 189
347 189
349 189
352 190
353 190
353 191
355 191
356 191
356 191
355 192
355 192
356 191
355 191
356 191
356 191
356 191
356 191
357 191
357 191
357 191
356 191
358 191
358 191
358 191
358 191
359 191
358 191
358 191
356 191
356 191
356 191
355 191
354 190