321 169
321 169
321 169
321 169
321 170
321 170
321 171
320 171
320 172
320 172
321 172
320 173
319 173
320 174
319 174
320 175
320 176
321 177
322 178
322 178
321 179
321 178
321 178
321 177
318 177
316 177
316 177
316 178
315 178
314 178
313 178
313 178
312 178
312 178
313 178
312 178
312 179
313 179
312 180
313 181
312 181
311 181
312 181
311 182
310 181
309 181
309 181
307 182
307 182
306 182
306 182
307 183
306 183
306 184
306 184
306 184
305 183
303 183
302 182
300 183
301 182
301 182
302 183
302 183
303 183
303 184
304 184
303 184
304 184
305 184
304 184
304 183
305 183
305 183
305 182
305 183
305 183
306 183
307 184
306 185
307 185
307 185
307 186
307 186
307 186
307 187
308 187
308 187
308 188
308 188
308 187
307 185
307 184
307 184
308 185
308 185
308 185
308 185
309 185
309 186
310 186
309 187
310 187
310 188
310 188
310 189
311 190
311 191
311 192
312 192
312 194
311 193
311 193
311 193
311 193
310 193
311 194
312 195
312 195
311 196
311 197
311 197
310 197
310 196
309 196
309 196
308 196
308 197
307 197
307 197
306 197
306 196
308 196
309 197
310 199
310 199
310 200
310 200
310 200
310 200
309 200
310 200
309 201
309 201
309 202
310 203
309 204
309 204
310 204
309 205
309 205
309 205
310 205
309 205
309 205
309 206
309 206
309 206
309 207
309 208
310 208
310 208
310 208
311 209
312 209
312 210
311 210
310 211
312 211
311 211
312 212
312 212
311 212
312 213
312 213
313 213
312 213
313 213
313 213
312 213
312 213
312 213
313 213
313 213
312 214
312 214
312 214
312 214
311 214
312 214
312 214
313 215
313 215
313 215
313 216
314 216
315 217
316 217
316 217
316 217
317 217
317 217
317 217
317 217
317 217
317 218
318 218
317 218
319 219
319 219
319 219
319 219
319 220
319 220
318 221
318 221
318 221
318 220
318 220
317 220
317 220
316 220
317 220
316 221
317 221
317 221
317 221
316 222
316 222
316 222
316 222
316 222
316 223
316 223
316 223
316 223
316 223
316 223
317 223
317 224
317 224
318 225
318 225
319 225
319 225
319 225
319 226
319 226
320 226
320 227
320 227
321 228
321 228
320 228
321 228
321 228
321 228
320 228
320 228
320 228
320 228
320 228
320 228
320 228
320 228
320 228
321 229
321 229
321 229
320 229
320 229
320 229
320 229
321 228
321 228
321 228
321 228
321 228
321 228
321 228
321 228
321 228
323 228
322 228
321 228
322 228
322 228
322 228
323 228
323 228
322 228
323 227
323 227
323 228
323 228
323 228
323 228
324 228
323 228
323 228
323 228
324 228
324 228
323 228
323 228
323 228
322 228
322 228
322 227
320 227
320 227
319 227
320 226
320 226
320 225
320 225
319 225
319 224
319 224
318 224
319 224
318 224
318 224
317 224
317 224
317 224
317 224
316 224
315 223
314 222
313 222
314 221
312 221
312 221
312 220
312 220
311 220
310 219
310 219
308 219
309 219
307 218
308 218
306 218
306 217
305 217
306 218
306 218
307 218
306 219
308 220
309 221
309 221
310 221
309 222
310 222
310 222
310 222
310 222
311 222
311 222
311 222
311 222
312 222
311 222
312 221
312 221
311 220
311 220
312 220
312 220
312 220
312 220
313 220
312 221
312 221
312 221
312 221
312 222
311 222
311 222
310 222
311 223
312 224
311 225
311 225
312 226
313 226
312 227
312 227
312 227
311 227
311 227
310 227
310 228
310 228
310 228
309 228
309 228
309 228
308 228
308 228
308 228
308 228
308 228
308 229
308 229
308 230
308 230
306 230
307 230
308 230
309 231
309 231
309 231
309 231
308 231
309 231
309 231
309 231
310 232
310 232
310 232
310 233
310 233
310 233
310 233
309 234
309 234
308 234
308 234
308 234
308 234
307 235
307 235
306 235
306 235
306 236
305 236
305 236
306 236
305 236
305 236
305 236
305 236
304 237
304 236
304 236
304 237
303 237
303 238
303 238
303 238
301 239
301 239
301 239
302 239
301 239
300 240
299 240
300 241
300 242
300 243
299 243
297 244
297 244
297 244
297 244
295 245
295 245
295 245
295 246
294 246
294 247
294 247
294 248
293 248
293 248
293 247
292 247
292 248
291 248
291 249
292 250
291 250
290 250
289 250
289 250
289 250
289 251
288 251
287 252
286 252
287 253
286 253
286 253
286 254
286 254
286 254
286 254
284 254
284 255
285 255
283 256
284 257
283 257
285 258
284 259
284 259
283 259
284 260
283 260
284 261
284 261
285 261
284 261
284 262
284 262
284 263
283 263
283 263
283 263
283 264
283 264
282 265
282 265
282 265
282 265
282 265
282 266
282 266
282 266
281 267
281 267
281 268
281 268
281 269
282 269
282 270
282 270
282 270
282 271
281 271
282 272
283 272
284 272
283 272
283 272
284 273
284 273
284 273
284 274
285 274
285 274
287 274
287 275
287 275
287 276
288 276
288 277
288 279
288 279
288 280
288 280
288 281
288 281
288 281
287 281
288 282
287 282
287 282
287 282
288 282
287 283
287 283
286 283
287 284
286 284
285 284
285 284
285 284
283 284
283 284
282 285
282 285
281 285
282 285
281 285
280 286
279 286
279 286
280 286
279 287
279 287
279 287
278 287
278 287
278 287
278 287
278 287
278 287
278 287
278 288
277 288
276 289
276 289
277 289
277 290
276 290
277 290
276 290
276 290
275 290
275 290
275 290
275 290
274 290
274 290
275 290
275 290
274 290
274 290
274 290
274 290
274 290
275 290
275 290
275 290
275 291
275 291
274 291
273 292
275 293
274 293
274 294
275 294
276 295
275 295
276 295
275 296
276 296
276 296
276 296
276 297
277 297
277 297
277 297
278 297
279 298
279 298
279 298
279 298
280 298
280 298
280 299
280 299
280 299
279 299
279 300
280 300
279 299
279 299
278 299
279 299
280 299
280 299
280 299
280 299
280 298
282 299
281 298
281 298
281 299
281 299
281 299
280 299
280 299
280 298
280 298
280 298
279 298
280 298
280 298
280 297
279 297
279 297
279 297
278 297
278 297
278 297
278 297
278 296
277 296
277 296
276 295
276 295
276 295
276 296
276 296
275 295
275 295
275 295
274 295
274 295
273 295
273 295
273 295
274 294
273 294
272 294
272 294
272 293
273 293
271 293
272 293
271 293
270 293
270 292
269 291
268 291
269 290
268 290
269 290
268 290
267 289
267 289
268 289
267 289
267 288
266 288
266 288
267 288
267 288
267 287
266 287
266 287
266 287
267 287
267 286
266 286
267 285
267 285
268 285
268 285
269 285
272 285
273 285
275 285
275 286
274 285
275 285
275 285
274 285
275 284
275 284
276 284
277 284
277 284
276 283
276 282
276 282
276 281
277 281
277 280
278 280
278 279
280 279
280 279
281 279
282 279
282 280
282 280
284 280
284 280
284 280
284 280
284 281
285 281
286 281
286 282
287 282
287 282
287 282
288 283
289 283
292 283
292 284
293 284
292 284
294 283
295 283
295 283
295 284
294 283
294 283
294 283
295 284
294 284
294 286
294 286
294 287
293 287
293 288
293 289
292 289
292 290
292 290
293 290
293 291
293 292
293 293
294 293
294 294
294 294
295 295
295 295
295 296
295 296
296 297
295 298
296 298
294 299
295 299
294 300
293 300
294 301
293 301
294 302
293 302
293 302
292 303
293 303
294 304
293 304
293 304
293 305
293 305
293 305
293 305
292 305
292 306
292 306
293 307
293 307
293 308
293 308
293 309
292 309
293 309
293 310
292 311
292 311
292 312
292 312
292 313
291 313
291 314
292 314
292 314
292 315
291 315
291 316
291 316
291 317
291 316
289 317
288 317
287 317
287 318
286 318
286 318
286 318
286 318
285 318
286 319
285 319
286 319
285 320
285 320
286 320
285 320
285 320
284 321
284 321
285 321
285 321
285 322
284 322
284 322
284 323
284 323
285 323
285 324
285 324
285 325
285 325
285 325
285 326
285 326
285 326
286 327
287 327
287 328
286 329
286 329
286 329
287 329
286 330
288 330
287 331
287 331
287 331
286 331
287 331
288 331
287 331
288 332
288 332
288 332
289 332
289 333
289 334
289 334
289 335
289 335
290 335
290 336
291 336
290 336
290 337
290 337
290 338
291 338
290 339
291 339
291 339
291 340
291 340
291 341
292 341
292 342
292 342
292 342
292 343
293 343
293 343
293 343
293 344
293 344
293 344
292 345
293 345
293 345
293 345
293 345
293 346
293 346
293 346
292 346
292 347
292 347
292 347
293 347
292 347
292 348
291 348
291 348
290 348
290 348
290 349
291 349
291 350
291 350
291 350
291 351
291 351
291 352
291 352
292 352
292 353
292 353
292 353
292 353
292 353
291 354
292 354
292 355
292 355
292 355
292 356
292 356
292 356
291 356
292 356
293 356
293 357
292 357
292 357
293 357
293 357
291 357
291 358
292 358
291 358
291 358
291 358
291 358
290 358
290 358
289 359
288 359
289 359
289 360
288 360
289 360
288 360
288 360
289 360
289 360
289 359
289 360
289 360
291 359
291 359
292 359
290 360
291 359
291 359
292 359
291 359
292 359
291 359
292 359
292 359
292 359
292 359
293 359
293 359
293 359
292 359
292 360
293 360
293 360
293 360
293 360
293 359
293 359
293 359
294 359
294 359
294 359
294 358
295 358
295 358
295 358
296 358
296 358
296 357
297 357
297 357
297 357
296 356
297 356
296 356
296 355
296 355
296 355
296 355
297 355
297 355
297 355
298 355
298 354
298 354
299 353
299 353
299 353
298 353
299 353
299 353
299 353
299 353
300 353
300 352
301 352
301 352
300 352
300 352
301 352
300 352
299 351
299 351
300 351
300 351
300 351
300 350
301 350
301 350
301 350
301 350
302 350
301 350
302 349
302 349
303 349
303 349
304 349
303 349
304 349
306 349
306 349
307 349
308 349
308 349
308 350
309 350
309 350
310 350
310 349
310 349
310 349
311 349
311 349
312 349
312 349
312 349
312 349
313 349
313 349
313 348
313 348
316 348
317 348
317 348
318 348
318 348
320 348
320 348
320 348
321 348
322 348
323 348
323 348
323 348
324 348
324 348
325 348
326 348
326 348
327 348
329 348
329 348
329 348
330 348
330 349
330 348
329 349
329 349
328 349
327 349
327 349
326 349
324 349
324 349
323 349
322 350
323 350
321 351
321 351
320 351
321 351
320 351
320 351
319 351
319 351
320 352
319 352
319 353
318 353
319 354
319 354
319 355
319 355
317 355
317 355
317 355
317 355
316 356
315 357
315 357
314 357
314 357
313 358
313 358
313 358
313 359
312 359
310 359
311 359
310 359
310 360
310 360
310 360
310 360
310 361
310 361
310 361
310 361
310 362
309 362
309 362
308 362
308 363
308 363
308 363
307 364
307 364
308 364
307 365
306 365
306 366
306 366
306 366
306 367
306 367
305 367
306 368
305 368
304 368
304 369
304 369
304 369
303 370
302 370
302 371
302 371
301 371
300 372
299 372
300 372
299 372
299 372
299 372
298 373
299 373
298 374
297 374
297 374
298 374
298 375
296 375
297 375
296 375
296 376
295 376
294 377
294 377
294 377
294 377
294 378
294 378
292 378
293 379
294 379
293 379
293 379
293 379
292 379
293 379
293 380
293 380
292 381
291 381
292 381
292 381
292 382
292 383
292 383
292 384
292 384
292 384
292 385
291 385
291 385
292 385
292 386
291 386
291 386
291 387
291 387
291 388
290 388
291 388
290 389
291 389
290 389
290 389
289 390
289 390
288 390
289 390
289 391
289 391
289 391
289 391
288 392
289 392
289 392
289 392
288 392
288 393
288 393
288 393
288 393
288 393
287 393
287 394
288 394
287 394
288 395
288 395
288 396
288 396
287 396
287 397
288 397
287 397
287 397
287 398
288 398
288 398
287 398
288 399
287 399
286 399
287 400
287 399
287 400
287 400
287 400
287 401
288 401
286 401
286 401
286 401
286 401
286 401
285 401
285 402
285 402
284 402
284 402
284 403
284 403
284 403
283 403
283 404
282 404
283 404
283 404
283 403
281 403
282 403
282 403
281 403
281 404
281 404
281 404
280 404
282 404
281 404
280 404
281 405
281 405
281 405
281 405
281 405
282 406
282 405
282 406
283 406
282 406
283 407
282 407
283 407
283 407
283 407
283 408
283 408
283 408
283 408
283 408
283 409
283 409
283 409
283 409
283 410
283 410
283 410
282 410
283 410
283 410
283 410
283 410
283 411
284 411
283 411
284 412
284 412
284 412
283 412
283 412
284 412
283 412
283 412
283 413
283 413
283 413
282 413
283 414
283 414
282 414
281 414
283 415
282 415
283 415
282 415
283 415
283 415
283 415
283 415
283 415
283 415
284 415
284 415
283 415
284 415
283 415
283 414
283 414
284 414
283 414
283 414
283 414
284 414
283 413
284 413
283 413
284 413
283 413
283 413
283 413
283 413
285 412
285 412
284 412
284 412
284 412
286 413
285 413
286 413
286 413
287 413
286 413
286 413
286 413
287 413
287 413
288 413
287 413
288 413
288 413
288 413
288 413
289 413
289 413
289 413
289 412
288 412
288 412
288 412
288 412
288 412
288 412
287 412
288 412
287 412
287 412
287 411
287 411
288 411
288 411
288 411
288 411
288 411
289 411
289 411
290 411
289 411
290 411
291 410
291 410
291 410
291 410
291 409
291 409
291 409
291 409
292 409
293 409
293 409
293 409
294 408
293 408
294 408
294 408
294 408
295 407
296 407
296 407
296 407
296 406
296 406
296 406
297 406
297 406
296 406
297 405
298 405
298 405
298 405
298 404
299 404
299 404
298 404
298 404
298 404
300 403
300 403
300 403
300 403
300 403
300 403
301 402
301 402
300 402
300 402
299 402
300 402
300 402
301 402
302 401
302 401
302 401
303 401
302 401
303 400
303 400
303 400
302 400
303 399
304 399
304 399
304 399
304 399
303 399
304 398
304 398
304 398
304 398
305 398
305 398
305 397
306 397
306 397
306 398
306 398
307 398
308 398
308 398
308 398
311 399
310 399
311 399
311 399
311 399
312 400
313 400
312 400
312 400
313 400
313 400
313 400
312 400
312 401
312 401
312 401
312 401
312 401
312 401
312 402
312 402
311 402
311 402
310 402
311 403
311 403
312 403
311 403
311 403
311 403
311 404
310 404
311 404
311 404
310 404
310 404
311 404
311 404
311 405
311 405
310 405
311 405
310 405
310 405
310 405
310 405
311 405
310 405
310 405
310 405
310 405
311 405
311 406
311 406
310 406
310 406
310 406
309 407
310 407
309 407
309 407
310 408
309 408
308 408
309 408
308 408
308 409
308 409
308 409
308 409
308 409
308 409
307 409
307 410
308 410
307 411
307 410
308 411
307 411
307 411
308 411
307 411
307 412
308 412
309 412
308 412
307 412
307 412
307 412
306 413
307 413
306 413
307 414
306 414
306 414
306 414
305 414
306 415
306 415
305 415
305 416
305 416
305 417
305 417
305 417
305 417
304 418
304 418
304 419
303 419
303 419
303 419
303 419
303 420
303 420
302 420
302 421
302 421
302 421
302 421
302 421
302 422
301 422
301 421
302 422
301 422
301 422
301 422
301 422
301 422
301 423
301 423
301 423
301 423
301 423
300 424
300 424
300 424
300 424
301 424
300 424
301 425
300 425
300 425
300 426
300 426
300 426
300 427
299 427
300 427
301 427
301 427
300 427
300 427
300 428
300 428
300 428
300 428
300 429
300 429
300 429
300 429
300 429
300 429
300 429
300 430
300 429
301 429
300 430
301 430
301 430
301 431
301 431
301 431
302 432
301 432
301 432
301 432
301 432
302 432
302 433
301 433
301 434
302 434
302 434
301 434
301 434
300 435
301 435
300 435
300 435
300 435
300 436
300 436
300 436
300 436
300 437
301 437
300 437
300 437
300 437
300 437
299 437
298 438
299 438
300 438
299 438
299 438
300 439
299 439
300 439
300 439
299 439
299 439
300 439
299 439
299 439
299 439
299 439
298 440
298 440
299 440
300 440
300 440
300 440
300 440
300 440
300 441
300 441
299 441
299 442
299 442
298 442
300 442
298 442
299 442
300 442
300 442
300 443
299 443
300 443
299 443
300 444
300 444
299 444
299 444
299 444
299 444
300 445
299 445
300 445
300 445
299 445
300 446
299 446
299 446
300 446
299 447
299 447
299 447
300 447
299 447
299 447
299 447
300 447
299 448
299 448
299 448
299 448
299 448
299 448
299 448
300 448
299 449
299 449
299 449
299 449
299 450
299 450
299 450
299 450
299 450
299 450
300 450
299 450
298 450
298 450
298 450
299 450
299 450
299 450
299 450
299 450
298 450
299 450
299 450
299 451
299 451
299 451
300 451
301 451
299 452
300 452
300 452
300 452
301 453
300 453
301 453
301 453
300 453
300 453
301 453
300 453
301 453
301 453
302 453
301 453
302 453
302 453
302 453
301 453
302 453
303 453
303 453
302 453
304 452
304 452
303 452
304 452
304 452
304 452
305 452
305 452
305 452
305 452
305 452
305 452
304 452
305 452
304 452
305 452
304 452
304 452
304 452
304 452
304 452
304 452
303 452
304 452
304 452
303 452
303 451
303 451
303 451
303 451
302 451
303 451
303 451
302 451
302 451
302 451
303 451
303 452
303 452
303 452
303 452
303 452
303 452
304 452
304 452
304 452
304 452
304 452
304 452
303 452
303 452
303 452
303 452
303 452
303 451
303 451
303 451
303 451
302 451
302 450
301 450
301 450
302 450
302 450
302 450
302 450
302 449
303 449
303 449
303 449
303 449
303 449
303 448
303 448
303 448
303 448
304 448
303 447
303 447
302 447
303 447
303 447
303 447
304 447
304 447
305 447
304 447
304 447
304 447
304 447
304 447
304 446
304 446
304 446
304 446
305 446
303 446
304 446
304 445
304 445
304 445
303 445
304 444
303 444
304 444
304 444
303 443
303 443
304 443
303 443
304 443
304 443
304 443
304 443
304 442
305 442
304 442
304 442
304 442
304 442
304 441
304 441
304 441
305 441
305 441
304 441
305 441
304 441
304 441
304 441
305 441
305 441
305 441
304 441
304 441
305 441
306 441
307 441
306 441
305 441
305 441
305 441
305 441
306 441
305 441
304 441
306 440
305 440
304 440
305 440
304 440
305 440
305 439
304 439
305 439
304 439
304 439
304 439
304 439
304 439
305 439
305 439
305 438
306 438
304 438
304 438
305 438
305 438
304 437
305 437
305 437
305 437
306 437
306 437
305 437
305 437
306 437
306 437
306 437
306 437
306 436
306 436
306 436
306 436
307 436
307 436
307 436
307 435
308 435
308 435
308 435
307 435
308 435
307 435
308 435
307 434
307 434
307 434
307 434
306 434
307 433
308 433
308 433
307 433
307 433
308 433
308 433
308 433
308 433
308 433
308 433
308 433
308 433
309 433
310 433
309 433
309 433
309 433
309 433
308 433
308 433
310 434
310 434
310 434
310 434
309 434
310 434
310 434
310 434
309 434
309 434
309 434
309 435
310 435
310 435
310 435
309 435
310 435
310 435
310 435
309 435
310 435
310 435
310 435
310 435
310 435
309 436
308 436
310 436
309 436
308 436
308 437
308 437
308 437
308 437
309 437
308 437
308 437
308 437
309 437
309 437
309 437
308 437
308 437
308 437
309 437
308 437
307 437
307 437
307 438
307 437
307 437
307 437
307 437
307 437
306 438
307 438
307 438
305 438
306 439
305 439
306 439
306 439
307 439
307 439
307 439
307 439
306 440
306 440
306 440
306 440
306 440
307 440
307 440
307 440
307 441
307 441
306 441
307 441
307 441
306 442
306 442
306 442
306 442
306 442
306 442
306 442
305 442
306 442
305 442
305 442
306 442
306 442
305 442
306 442
305 442
305 443
306 443
305 443
305 443
306 443
307 443
305 443
305 443
305 444
305 444
305 444
305 444
305 444
305 444
306 444
306 444
306 445
306 445
306 445
306 445
306 445
306 445
306 445
307 445
306 445
307 445
307 445
306 445
307 446
307 446
307 446
307 446
308 447
307 447
307 447
307 448
307 448
308 448
308 448
308 449
308 449
308 449
308 449
308 449
308 449
308 449
308 449
308 449
308 449
309 449
309 449
309 449
309 449
308 449
308 449
309 449
309 449
308 450
309 450
309 450
308 450
308 450
308 450
308 450
308 450
309 450
308 450
309 450
308 450
309 450
309 450
310 450
309 450
309 450
309 450
308 450
309 450
309 450
309 450
309 450
309 450
309 449
309 450
309 449
309 450
309 449
309 449
309 449
309 449
309 449
309 449
309 449
308 449
309 449
309 449
310 449
310 449
310 449
309 449
310 449
311 449
311 448
311 448
310 448
310 448
310 448
310 448
310 448
310 448
311 448
311 448
310 448
309 448
310 448
310 448
309 447
309 447
309 447
310 447
309 447
309 447
309 447
309 447
309 446
308 446
308 446
308 446
309 446
308 445
308 445
308 445
307 445
307 444
308 444
307 444
309 444
309 444
308 444
308 444
309 444
310 444
310 444
311 444
311 444
312 444
312 444
313 444
313 444
313 443
313 443
313 443
313 443
313 443
313 443
313 443
312 443
313 443
313 443
312 442
313 442
314 442
313 442
313 442
314 441
313 441
314 441
314 441
313 441
314 441
314 440
313 440
313 440
314 440
314 440
315 440
314 440
315 440
315 440
315 439
315 439
315 440
316 440
316 440
316 440
317 440
317 440
317 440
317 440
317 440
316 440
316 440
317 439
317 439
316 439
318 439
318 439
318 439
317 439
317 439
317 439
317 438
317 438
317 438
316 438
316 438
317 437
317 437
316 437
316 437
315 437
315 436
316 436
315 436
316 436
315 435
315 435
315 435
316 435
315 435
315 434
315 434
315 434
315 434
316 434
315 433
317 433
316 433
316 433
316 433
316 433
316 433
317 433
317 433
317 432
317 432
317 432
318 432
318 432
317 432
317 432
316 432
318 431
317 431
317 431
317 431
318 431
318 431
318 430
318 430
318 430
318 430
318 429
318 429
317 429
318 428
318 428
318 428
317 428
317 428
317 428
318 428
317 428
317 428
318 428
317 428
318 428
317 428
318 428
317 428
318 427
318 427
317 427
318 427
317 427
317 427
317 427
318 427
319 427
318 427
318 427
318 427
318 427
318 426
318 426
317 426
317 426
318 426
318 426
318 427
318 427
317 427
318 427
318 427
318 427
317 426
318 426
318 426
317 426
317 426
318 426
317 425
317 425
317 425
317 425
317 425
317 425
317 425
318 424
317 424
317 424
317 424
317 424
319 424
318 424
317 424
318 423
318 423
318 423
317 423
318 423
318 422
319 423
319 422
319 423
319 422
320 422
321 423
321 423
321 424
322 423
324 423
326 424
326 424
327 424
327 424
327 424
327 424
327 424
327 424
326 424
326 424
326 424
326 424
326 424
327 424
327 424
326 424
326 424
326 424
326 424
326 424
327 424
326 424
327 423
327 423
327 423
327 423
328 423
327 423
329 423
328 423
328 422
327 422
328 421
327 421
329 421
328 420
328 420
327 421
327 421
327 421
327 421
327 421
328 421
327 420
328 420
329 420
327 420
328 420
327 420
328 420
327 420
328 420
328 420
329 420
328 420
329 420
328 419
329 419
327 419
327 418
327 418
328 418
328 418
329 418
328 418
327 418
328 418
328 418
328 418
328 418
329 418
328 419
329 418
328 418
329 418
328 419
327 420
327 420
329 419
329 419
329 419
329 419
329 419
329 419
329 419
329 419
329 419
329 419
330 419
330 419
331 419
332 419
332 419
332 419
332 418
333 418
334 418
334 417
335 417
336 417
336 416
335 416
336 415
337 415
338 414
337 414
338 413
338 413
338 413
338 412
339 412
339 411
340 410
342 410
341 409
340 409
340 408
341 408
341 407
342 407
343 406
344 406
344 405
345 405
345 404
346 404
346 403
347 401
348 401
348 400
348 399
348 399
349 398
349 397
349 396
349 396
348 395
348 394
348 393
348 392
348 392
348 390
347 390
347 389
348 388
348 387
348 385
349 384
350 383
350 382
349 381
349 380
350 379
350 379
349 378
349 377
350 376
352 374
352 373
353 372
352 371
353 370
354 368
354 367
353 366
353 365
353 364
354 363
354 362
354 360
353 359
353 358
353 357
353 357
353 356
354 355
355 354
355 353
356 351
357 351
358 349
358 348
359 347
359 346
360 345
361 344
361 343
363 342
364 341
367 339
367 338
368 336
368 335
370 334
371 333
372 332
373 331
374 329
374 328
374 326
374 325
373 324
374 322
373 321
372 319
371 318
370 316
369 315
367 311
365 309
365 308
362 306
362 305
361 304
361 303
361 301
361 300
360 299
360 298
359 295
359 294
360 292
358 291
358 290
359 289
358 288
356 286
356 285
356 284
356 283
357 282
357 281
357 279
358 278
357 277
356 276
356 275
356 274
356 273
357 272
357 271
356 269
356 268
355 268
356 267
356 266
357 265
357 264
358 262
359 261
359 261
359 260
359 259
359 258
359 258
359 257
359 256
359 255
360 254
359 254
360 253
358 252
358 252
359 251
359 250
359 250
359 249
360 249
360 248
360 248
360 247
360 246
360 244
360 244
360 243
360 242
360 241
360 240
361 237
359 236
359 235
360 234
359 233
359 231
359 230
358 229
358 229
357 228
357 227
356 226
356 225
356 225
355 223
354 223
353 222
354 222
354 221
353 220
352 219
352 217
352 216
352 215
350 215
350 214
350 214
349 213
349 212
349 210
347 209
347 208
348 207
350 206
349 205
349 204
350 203
349 202
349 201
349 200
349 200
348 199
348 198
347 198
348 196
347 195
347 194
347 192
347 191
347 190
346 189
346 187
345 186
344 184
344 184
343 183
342 182
341 181
341 180
341 180
341 179
341 179
340 177
340 176
339 175
339 175
339 175
339 175
339 174
340 174
339 174
338 174
338 174
338 174
338 173
339 173
339 173
340 173
340 173
340 173
340 174
341 174
342 174
343 174
343 174
342 174
343 174
343 174
343 174
343 174
345 174
343 174
344 175
343 175
344 174
346 174
347 173
347 173
347 172
349 172
348 171
347 171
347 171
349 171
348 171
348 171
348 171
347 171
346 171
346 171
348 172
347 172
347 172
348 172
348 171
349 171
350 171
349 171
350 171
351 171
350 171
350 171
350 170
350 170
351 170
351 170
351 170
352 170
352 169
351 169
351 169
352 169
352 169
352 169
352 169
352 170
351 170
351 169
351 169
351 169
350 169
350 169
350 169
350 169
350 169
351 169
352 168
352 168
351 168
351 168
351 168
350 169
350 169
351 169
352 170
351 170
349 171
349 171
350 171
351 171
351 171
351 171
351 171
350 171
349 172
349 172
348 171
347 171
347 172
346 172
345 172
346 172
346 173
347 173
346 173
346 173
346 174
347 174
346 174
346 175
346 175
346 175
346 175
346 175
347 175
347 175
347 175
348 176
349 176
350 177
349 178
349 178
349 179
349 179
350 179
350 179
349 178
348 179
348 179
348 180
349 181
350 181
350 183
350 183
350 183
349 184
349 184
349 184
350 185
351 185
350 185
351 185
353 185
353 185
353 185
353 185
353 185
354 186
354 186
353 186
353 187
354 187
354 187
353 188
353 188
354 188
354 189
354 189
354 190
354 190
355 191
355 191
355 192
354 192
354 192
354 193
355 193
355 193
354 193
355 194
357 195
356 195
356 195
356 196
357 196
358 197
357 198
357 198
358 199
358 201
359 201
359 202
359 202
360 203
360 203
360 204
360 205
361 206
363 206
363 207
363 207
363 207
365 208
365 208
366 208
368 208
370 209
371 210
372 210
372 211
372 212
371 213
373 214
373 214
373 215
373 215
375 216
375 216
377 216
378 217
378 218
379 218
379 219
379 220
379 220
379 220
379 220
381 221
381 221
383 222
383 223
384 223
384 224
385 225
385 225
386 226
387 226
387 228
387 228
386 229
387 229
387 230
387 230
387 230
387 231
387 231
387 230
387 230
386 230
386 230
386 230
387 230
386 231
386 231
386 231
386 231
386 232
385 232
386 233
386 234
386 234
386 234
387 234
388 234
386 234
385 234
386 234
386 234
385 234
386 234
386 234
386 234
384 234
387 234
387 234
386 235
386 236
386 236
386 238
386 239
387 239
387 240
387 241
387 241
388 242
389 243
388 243
388 243
388 243
389 243
390 243
390 243
390 243
390 243
388 243
388 242
388 242
387 242
387 242
387 242
388 242
388 242
389 242
388 242
388 242
388 242
388 242
388 242
389 242
388 242
388 243
387 242
387 242
386 242
386 242
386 241
385 241
384 241
381 241
381 241
381 241
380 241
379 241
379 242
379 242
378 242
379 242
378 242
378 242
378 242
377 242
377 242
376 242
377 242
377 241
376 241
375 241
375 241
375 241
374 241
373 241
373 241
373 241
373 241
372 240
372 240
372 240
372 240
372 240
372 240
372 240
372 239
372 239
373 238
373 238
373 238
373 237
373 237
373 237
373 236
373 236
373 236
373 237
373 237
372 237
372 237
372 237
372 237
371 237
372 237
372 236
371 236
370 236
370 236
371 236
371 236
371 235
373 235
372 235
371 235
372 235
373 234
373 234
373 234
372 234
373 234
373 234
373 233
374 233
373 232
373 232
373 231
373 231
372 230
372 230
371 230
370 230
370 230
370 230
369 229
367 229
366 230
367 230
367 231
366 231
367 231
368 231
368 231
368 231
368 231
368 231
367 231
367 231
365 232
365 232
365 232
365 231
365 231
365 231
365 231
364 230
365 230
364 230
364 230
365 230
365 230
366 230
364 230
362 231
362 231
364 231
364 231
362 232
363 232
362 232
362 232
361 232
362 232
361 232
361 232
361 232
361 232
361 232
361 232
361 232
359 231
361 230
361 231
361 231
360 232
360 232
361 232
361 233
361 233
360 234
360 235
359 235
360 235
360 235
360 236
360 236
360 236
360 237
360 237
360 237
360 238
360 238
360 238
360 239
361 239
361 240
359 240
359 241
360 241
359 242
358 242
358 243
358 243
358 244
357 245
357 245
357 245
357 246
358 246
358 246
358 246
359 247
359 247
360 247
361 247
361 248
361 248
363 248
363 248
363 248
363 249
363 249
363 250
361 250
361 251
361 251
360 251
361 252
362 253
360 253
361 254
361 255
362 255
362 255
363 256
363 256
363 257
363 257
364 257
365 258
366 258
366 259
366 259
366 259
367 260
368 260
368 261
368 261
367 261
367 261
368 262
368 262
369 262
368 262
368 262
368 263
369 263
367 263
368 263
369 264
369 264
369 265
369 265
369 266
370 266
371 268
371 268
371 268
372 269
373 269
373 269
372 270
372 270
373 271
374 271
374 271
374 272
374 272
375 272
375 273
375 273
376 274
375 274
375 274
376 274
377 275
377 276
377 276
378 276
378 276
378 276
378 277
377 277
377 277
378 278
379 278
378 278
379 278
379 278
379 278
379 279
381 279
380 279
381 279
382 280
383 280
383 281
383 281
383 282
383 282
383 283
383 283
382 283
382 283
382 283
382 284
381 284
381 285
380 286
380 286
380 287
380 287
381 287
380 287
380 288
379 288
379 289
378 289
379 289
378 290
378 290
378 291
380 292
380 292
380 293
381 294
382 294
383 294
384 294
385 294
386 295
387 295
386 295
387 295
388 296
388 296
389 296
388 296
388 296
389 297
389 296
389 297
389 297
389 297
390 297
390 297
390 297
391 297
390 297
391 297
390 297
391 297
392 298
391 298
391 298
391 299
391 299
392 299
391 299
391 299
390 299
391 299
390 300
390 300
391 300
390 301
390 301
391 301
391 302
390 302
390 302
390 302
390 302
391 302
391 302
391 301
392 302
392 302
392 302
392 302
392 302
392 302
392 302
391 302
391 302
390 303
391 303
391 303
390 303
390 304
390 304
390 304
390 304
390 305
389 305
390 305
391 306
390 306
389 306
390 306
390 307
389 308
389 308
389 308
390 308
389 309
389 309
389 309
389 309
389 309
389 308
388 308
388 308
389 308
389 307
388 307
388 307
387 307
386 307
386 307
386 307
385 306
384 306
384 306
382 305
382 305
381 305
381 305
380 305
379 305
377 305
376 306
376 306
376 306
375 306
375 306
374 306
374 306
373 306
373 306
372 306
373 306
372 306
371 306
371 306
371 306
371 306
371 306
371 306
370 306
370 305
369 305
369 305
369 304
368 304
368 304
367 303
367 303
366 302
366 302
365 303
364 303
364 303
364 303
364 304
365 303
365 303
364 303
364 304
363 304
364 303
364 304
364 303
364 303
365 303
365 303
366 303
366 303
366 303
365 303
365 302
364 302
364 302
364 301
361 300
361 300
360 300
360 300
359 300
359 300
358 300
357 299
356 299
356 299
354 298
355 298
355 298
354 298
354 298
354 298
354 297
354 297
354 298
354 298
354 298
353 298
353 297
352 298
352 298
352 297
351 297
351 297
350 297
350 297
349 297
348 297
347 297
347 296
348 296
346 296
346 296
345 295
344 295
344 294
344 294
343 294
343 293
342 293
342 293
342 293
341 293
340 292
339 292
339 292
338 291
336 291
336 290
335 290
334 289
331 289
330 289
330 289
331 289
331 288
331 288
329 288
329 287
328 287
328 287
328 287
328 287
328 287
328 287
327 287
327 287
327 287
326 287
326 288
328 288
327 288
327 287
328 287
327 287
327 286
327 286
327 286
327 285
327 285
327 285
327 284
327 284
326 284
325 284
325 284
324 284
324 284
324 284
323 284
323 284
323 284
323 285
323 285
324 285
324 285
323 285
323 285
323 285
323 285
323 285
322 285
322 286
321 286
321 286
322 287
322 287
321 287
320 287
320 287
320 287
320 288
320 288
319 288
318 288
318 288
319 288
319 288
319 288
319 288
319 288
320 288
321 288
322 289
323 289
323 289
324 289
325 289
327 289
327 290
328 290
328 291
329 291
329 291
330 292
330 292
331 291
331 292
331 292
332 292
333 292
333 293
333 293
334 293
335 294
336 294
337 296
337 296
337 296
338 297
339 297
337 298
336 298
336 298
337 299
336 299
337 299
337 300
338 301
341 301
341 302
341 302
341 302
341 302
342 302
343 302
344 303
344 304
344 304
346 305
347 306
346 307
346 307
347 308
348 308
347 309
347 309
348 309
349 309
349 310
349 310
350 311
351 312
351 313
351 314
352 314
353 315
353 316
353 316
353 317
355 317
354 317
355 318
355 318
355 318
355 318
356 318
355 319
356 319
357 320
357 320
357 320
358 320
359 321
359 321
360 322
361 322
361 322
363 323
363 323
364 323
365 323
365 324
364 324
364 325
365 325
366 325
365 326
365 326
365 326
365 326
366 327
367 327
367 328
367 329
368 329
369 330
370 330
371 331
371 331
374 332
374 332
374 333
376 333
375 333
375 334
375 334
376 334
376 334
376 334
377 335
377 335
377 335
377 335
377 336
377 336
377 336
378 337
379 337
378 338
380 338
380 339
380 339
380 339
381 339
379 340
380 340
381 340
381 340
380 340
382 340
382 341
381 340
381 341
382 341
382 341
382 341
382 342
383 343
384 344
385 345
384 345
385 346
384 346
384 346
386 347
387 347
388 347
387 347
389 347
389 347
389 347
391 348
391 348
392 348
393 349
394 349
395 349
396 350
396 350
397 350
397 350
398 351
397 351
398 351
398 351
399 351
399 351
399 352
399 352
400 352
400 353
401 353
401 353
402 353
402 353
402 353
404 353
403 354
404 354
404 354
404 354
405 354
405 355
404 355
404 355
403 356
403 356
403 357
403 357
403 357
402 357
402 358
402 358
403 358
403 358
403 359
401 359
402 360
402 360
403 360
404 360
404 360
403 361
404 361
404 361
404 362
406 362
406 362
406 362
406 362
406 363
406 363
406 363
406 363
406 363
407 363
407 363
406 363
406 363
407 363
406 364
407 364
407 364
407 364
408 365
407 365
408 365
407 365
406 365
406 365
406 365
406 366
406 366
406 366
405 366
407 366
406 366
405 367
406 367
406 367
406 367
406 367
406 368
406 368
406 369
407 369
407 369
406 369
406 369
406 369
406 369
406 369
405 369
405 369
406 369
405 369
405 369
406 369
406 369
406 369
406 369
407 368
407 368
408 368
409 368
409 368
409 368
409 368
410 368
410 368
410 368
410 368
409 368
408 368
408 368
408 368
408 368
408 368
408 368
408 368
408 368
408 368
406 368
406 368
406 368
405 367
405 368
404 367
405 367
405 367
404 367
404 367
404 367
405 367
404 367
405 367
404 367
403 367
402 367
401 367
401 366
401 366
401 366
401 366
401 365
400 365
400 365
399 365
399 364
398 364
398 364
397 364
396 364
395 364
395 364
394 363
392 363
391 363
391 363
391 362
391 362
390 362
389 362
390 362
389 362
389 362
389 362
388 362
387 362
387 361
386 361
386 361
384 361
383 361
382 360
382 360
382 360
382 360
380 360
379 359
379 359
379 359
378 358
377 358
377 357
376 357
376 357
374 357
374 357
373 357
373 357
371 357
370 356
370 356
371 356
370 356
368 356
368 356
368 356
368 356
368 356
368 355
367 355
366 355
365 355
365 355
365 355
364 354
362 354
362 354
362 353
363 353
361 353
361 352
361 352
361 352
361 352
361 352
361 352
360 352
360 351
360 351
360 351
359 351
359 351
358 350
357 350
357 349
357 349
356 349
356 349
356 348
355 348
354 348
354 347
354 347
354 347
353 347
351 347
351 346
351 346
351 346
349 346
349 346
348 346
348 346
348 346
348 347
348 347
348 347
348 347
348 347
348 347
349 347
348 347
348 348
348 348
349 348
348 349
349 349
349 349
349 349
349 349
349 350
349 350
350 350
350 350
350 350
350 350
351 350
351 351
351 351
352 351
353 352
352 352
352 352
352 352
353 352
354 352
352 351
352 351
353 351
353 352
354 352
354 353
354 353
355 354
356 354
356 354
355 353
356 353
356 354
356 355
356 355
357 355
358 356
358 356
358 356
358 357
358 357
358 358
358 358
358 358
357 358
357 359
357 359
357 359
357 359
357 360
356 361
355 361
356 361
357 361
358 361
357 362
358 362
358 362
359 363
359 363
359 363
360 363
361 364
360 364
360 364
360 365
361 365
362 365
362 366
362 366
363 367
364 367
364 367
364 368
364 368
364 369
365 369
365 369
366 370
366 370
367 371
367 371
367 371
369 372
369 372
368 373
369 373
368 373
369 374
370 374
371 374
371 375
371 375
372 375
372 376
372 376
373 376
373 376
373 376
374 376
374 377
374 377
375 377
376 378
377 378
377 378
377 378
376 379
376 379
376 380
377 380
377 380
376 381
377 381
377 381
377 382
377 382
378 382
378 383
378 383
379 383
380 384
381 384
382 385
382 385
382 385
383 385
383 386
383 385
384 386
384 386
384 386
383 386
384 385
383 385
383 385
383 386
383 386
383 387
383 387
384 387
384 387
384 388
385 388
385 388
385 389
385 389
385 389
384 390
385 390
385 390
386 391
385 391
384 392
385 392
385 392
384 392
385 393
384 393
384 393
385 393
385 393
384 393
384 394
385 394
385 394
385 394
385 394
385 395
385 395
385 395
386 395
386 396
386 396
386 396
386 396
385 397
386 397
386 397
385 397
385 397
385 397
386 397
385 398
386 398
386 398
387 399
386 399
386 399
386 399
386 400
387 400
386 400
386 400
387 401
386 401
386 401
386 401
387 402
386 402
387 402
388 402
388 402
387 402
388 403
388 403
387 403
388 403
388 403
388 403
388 403
389 403
389 404
389 403
389 404
389 404
389 404
390 405
389 405
390 405
391 405
390 406
390 406
391 406
391 406
391 406
391 406
391 406
391 406
392 406
392 406
392 407
392 407
392 407
391 407
392 408
392 408
392 408
392 408
392 409
392 409
392 409
392 409
392 409
392 410
393 410
393 410
393 410
393 410
394 411
394 411
395 411
396 411
396 411
397 412
396 412
397 412
396 412
397 412
397 413
397 413
396 413
396 413
396 413
397 413
397 413
397 413
397 414
397 414
397 414
397 414
397 414
398 414
397 415
398 415
398 415
398 415
398 415
398 415
398 416
398 416
398 416
398 416
398 417
398 417
399 417
398 417
398 417
399 418
399 418
399 418
398 418
399 418
399 418
398 418
398 418
399 418
399 418
397 419
397 419
398 419
398 419
398 419
397 420
397 420
397 420
397 420
397 420
397 420
397 420
397 420
398 420
398 420
398 420
398 421
398 421
399 421
400 421
400 421
400 421
399 421
399 421
398 421
398 421
398 421
398 422
398 422
397 423
397 423
398 423
398 423
398 423
397 423
398 423
398 423
399 423
398 423
398 423
399 423
398 422
398 422
398 422
398 422
398 422
398 422
397 422
397 422
397 422
397 422
397 422
397 421
397 422
398 422
397 422
398 422
399 422
398 422
397 422
397 422
398 422
398 423
398 423
398 423
398 423
397 423
398 422
397 422
395 423
396 423
395 423
396 423
394 423
394 422
394 422
393 422
393 422
394 422
394 422
395 421
395 421
394 421
394 421
395 420
395 420
395 420
395 420
395 420
394 420
394 420
394 420
394 420
394 420
394 419
393 419
393 419
392 419
392 419
392 419
392 419
392 418
391 418
391 418
391 418
392 418
391 418
391 417
390 417
389 417
387 416
387 416
386 415
387 415
385 415
385 415
384 415
385 415
384 415
384 415
382 414
382 414
383 415
382 414
381 414
380 414
380 414
380 414
379 414
379 414
379 414
379 413
379 413
378 413
377 413
377 413
377 412
376 412
376 412
376 412
375 412
376 411
375 411
375 411
375 411
374 411
374 410
374 410
373 409
373 409
372 409
372 409
372 408
372 408
371 408
371 408
371 408
371 407
370 407
371 407
370 407
370 407
370 407
370 407
369 406
369 406
369 405
368 405
368 405
368 404
367 404
367 404
366 403
366 403
365 403
365 403
365 403
364 402
363 402
364 402
364 402
364 402
363 401
364 401
363 401
363 401
363 401
363 401
363 401
363 401
363 401
362 401
362 401
363 401
363 401
362 401
362 401
363 401
362 401
362 401
363 401
362 401
362 401
362 401
363 401
361 402
361 402
361 402
361 401
361 402
361 401
361 401
361 401
360 401
361 401
361 401
360 401
360 401
360 401
359 402
359 402
359 402
359 402
358 402
358 402
358 402
358 403
358 403
358 403
359 403
359 403
359 403
358 403
359 403
360 403
359 403
359 403
359 403
360 403
360 404
360 404
360 404
360 404
360 404
359 405
360 405
360 405
360 406
361 406
360 406
360 406
360 406
360 406
361 406
361 407
361 407
361 407
361 407
361 407
361 407
361 407
362 407
362 407
362 407
361 407
363 407
362 407
362 407
363 406
363 407
363 407
363 407
363 408
363 408
364 408
363 408
363 408
363 408
363 408
363 408
363 408
364 408
363 408
363 408
363 408
363 408
363 409
363 409
364 409
363 410
364 410
363 410
363 410
364 410
364 411
364 411
364 412
364 412
364 412
364 413
364 413
365 413
365 413
365 414
365 414
365 414
365 415
364 415
365 415
365 416
366 416
366 416
365 417
365 417
365 417
365 417
365 418
365 418
365 418
365 418
365 418
366 418
365 418
365 419
365 419
366 419
366 420
366 420
365 420
365 420
366 421
366 421
366 421
366 422
365 422
366 423
366 423
366 423
366 423
365 423
366 424
366 424
366 424
366 424
366 424
366 425
366 425
366 425
366 426
366 426
366 426
368 426
368 426
368 426
370 427
369 427
368 427
370 428
370 428
370 428
370 428
370 428
371 428
370 429
372 428
372 429
372 429
372 429
373 430
372 430
373 431
373 431
372 431
372 431
373 432
372 432
373 432
373 432
373 432
373 433
374 433
374 433
373 433
373 433
373 434
374 434
374 434
373 434
373 434
373 435
373 435
374 435
374 435
375 436
374 436
375 436
375 437
375 437
375 437
374 438
374 438
374 438
374 438
375 438
374 438
375 439
374 439
375 439
375 439
374 439
375 440
374 440
375 440
374 440
375 440
376 440
375 440
375 441
375 441
375 441
376 441
375 442
375 442
375 442
375 442
375 442
375 442
376 443
375 443
377 443
377 443
377 444
378 444
379 444
380 444
380 444
379 444
380 444
380 444
380 444
381 444
381 444
381 444
381 444
381 445
383 445
382 445
382 445
383 445
383 445
384 445
385 445
385 446
385 446
385 446
385 446
385 446
386 447
386 447
386 447
386 447
385 447
385 447
385 448
385 448
386 448
386 448
385 448
385 448
385 449
385 449
385 449
385 449
386 449
385 449
385 449
385 449
384 449
384 450
384 450
385 450
385 450
385 450
385 450
385 450
386 450
384 450
385 450
384 451
385 450
385 450
385 450
385 450
385 450
386 451
385 451
386 451
386 452
385 452
386 452
386 452
385 452
386 452
385 452
385 452
385 453
385 453
386 453
386 453
385 453
386 453
386 453
386 453
386 453
386 453
387 453
386 454
385 454
387 454
387 454
387 454
387 454
387 455
387 455
387 455
387 455
387 455
387 455
387 456
387 456
387 455
386 456
386 455
387 455
386 455
386 454
386 454
386 454
386 454
386 454
387 454
386 454
386 454
386 454
385 454
385 454
385 454
385 454
384 454
385 454
384 454
384 454
385 454
385 454
384 454
385 454
384 454
385 454
385 454
385 454
384 454
385 454
384 454
384 454
384 454
384 453
384 453
384 453
383 453
383 453
383 453
382 453
383 453
384 453
384 453
383 453
384 452
384 452
385 452
385 452
385 451
385 452
386 452
385 452
385 452
386 452
386 451
386 451
386 452
386 451
386 451
386 451
386 451
386 451
386 451
386 451
386 451
385 451
385 450
385 450
385 450
384 450
384 450
384 449
384 449
384 449
384 449
383 449
383 448
383 448
382 448
382 447
382 447
382 447
382 446
381 446
381 446
382 445
381 445
382 445
382 445
381 445
382 445
382 445
382 445
381 446
382 446
380 445
379 445
380 445
379 444
379 444
377 444
377 443
377 443
377 443
376 443
376 442
375 442
375 442
374 442
374 442
373 442
373 441
374 441
373 441
372 440
371 440
371 440
370 440
368 440
368 440
369 440
368 439
368 440
367 439
367 439
366 439
366 439
365 439
365 438
366 438
365 438
365 437
365 437
365 437
365 437
366 437
366 437
366 437
365 437
366 437
366 437
365 437
364 436
365 436
365 436
364 436
363 436
363 436
364 436
363 436
362 436
362 436
361 435
361 435
361 436
360 436
360 435
361 435
361 435
361 435
361 435
361 435
360 435
360 434
360 434
360 434
359 434
359 434
359 433
358 433
358 433
357 433
357 433
357 432
356 432
356 432
356 432
355 432
356 432
356 431
356 431
356 431
356 431
355 431
355 431
355 431
355 431
355 430
355 430
354 430
354 430
354 430
353 429
353 429
352 429
351 429
350 429
350 428
350 428
350 428
349 427
348 427
348 427
348 427
348 426
349 426
348 426
348 426
348 426
348 426
348 426
348 426
348 426
349 426
348 426
348 426
349 426
349 426
349 426
349 426
349 426
349 426
350 426
349 426
349 426
349 427
350 427
349 427
349 427
350 427
350 427
350 427
349 427
350 428
350 428
350 428
349 428
350 428
349 428
349 428
350 428
352 428
351 428
352 428
351 429
352 429
353 429
353 429
353 429
354 430
354 430
354 430
356 430
358 431
357 431
357 431
358 431
359 431
359 431
359 431
360 431
359 432
361 431
360 431
360 432
360 432
361 432
361 432
361 432
361 432
361 432
361 432
362 433
361 433
362 433
362 433
361 433
361 433
362 433
361 434
361 434
361 434
361 434
361 434
361 434
362 434
361 435
361 435
360 435
362 434
361 435
362 435
361 435
361 435
361 435
362 435
362 436
362 436
362 436
362 436
362 436
362 437
362 437
362 437
362 438
362 438
362 438
363 439
363 439
364 439
363 439
364 440
364 440
363 440
364 440
363 440
365 440
364 440
364 440
364 441
365 441
365 441
365 441
365 442
365 442
364 442
364 442
365 443
365 443
365 443
365 443
365 444
366 443
365 444
365 444
366 444
365 444
365 444
366 444
366 445
366 445
365 445
365 445
366 445
365 445
366 445
366 445
366 445
366 445
367 445
367 445
368 445
367 445
367 445
367 445
367 445
369 445
369 445
370 446
370 446
369 446
369 446
369 445
369 446
369 445
369 445
368 445
369 445
368 445
368 445
368 445
368 445
369 445
369 445
369 445
369 445
369 445
370 445
370 445
370 445
369 445
370 445
369 445
371 445
370 445
369 445
369 445
370 445
370 445
369 445
370 445
370 445
370 445
370 445
370 444
370 444
370 445
369 445
370 445
370 445
371 445
370 445
370 445
370 445
370 445
370 445
370 445
370 445
371 445
370 445
370 444
370 444
371 444
371 444
370 444
371 443
371 443
370 443
369 443
370 443
369 443
369 443
369 443
369 442
370 442
369 442
368 442
368 441
368 441
368 441
368 441
367 441
368 441
367 441
368 441
368 440
367 440
368 440
368 440
368 440
368 440
368 440
368 440
368 440
369 440
368 439
368 440
369 439
367 439
368 439
367 439
367 439
367 439
367 439
367 439
367 438
367 438
367 438
366 438
366 438
366 438
366 438
366 438
365 438
366 438
366 438
366 438
365 438
366 438
366 438
365 437
364 437
366 437
366 437
365 437
365 437
365 437
365 436
364 436
364 436
364 436
365 435
365 435
365 435
364 435
364 435
364 435
364 435
363 435
362 434
362 434
362 434
362 434
361 434
361 434
361 434
360 434
360 433
359 434
359 433
358 434
358 433
358 433
358 433
358 433
358 433
358 433
358 433
358 433
357 433
358 433
357 433
358 433
358 433
357 433
357 433
358 433
358 433
358 433
357 434
357 433
357 433
357 433
358 433
358 433
358 433
357 433
356 433
357 433
357 433
357 433
357 433
357 433
357 433
357 433
356 433
356 433
356 433
356 433
355 432
355 432
354 433
354 433
354 433
355 432
354 433
354 433
353 433
354 432
354 432
355 432
354 432
354 431
354 431
354 431
354 431
354 432
354 431
354 431
352 431
354 432
354 432
356 432
354 431
355 431
355 431
355 431
356 431
356 431
355 431
356 431
356 431
357 431
357 431
356 431
356 431
356 430
356 430
356 430
355 430
354 430
355 430
355 430
355 430
354 430
354 430
353 430
353 430
353 430
352 430
352 430
352 430
351 430
352 430
351 430
349 429
349 429
348 428
348 428
347 428
347 428
346 428
346 428
345 428
344 427
344 427
343 427
343 427
342 427
341 427
342 427
342 427
342 427
341 427
341 427
339 427
340 427
340 428
340 428
340 429
339 429
340 429
340 429
339 429
340 428
340 428
339 428
340 428
340 428
339 428
340 428
340 428
340 428
340 429
340 429
341 429
341 429
342 429
342 429
342 429
342 428
342 428
342 428
344 428
344 428
344 428
343 428
343 428
343 428
343 428
342 428
341 427
342 427
343 427
341 427
341 427
341 427
342 427
341 427
342 427
343 426
342 426
343 426
343 426
343 426
343 426
343 426
342 427
342 427
344 427
343 427
343 427
343 427
343 427
344 427
343 427
343 426
342 426
342 426
342 426
343 426
342 426
343 426
342 426
342 426
342 426
343 426
342 426
341 426
341 426
341 426
341 426
341 426
340 427
340 427
340 427
339 427
339 426
339 426
339 427
338 427
339 427
338 427
338 427
337 427
337 427
336 428
335 428
337 428
335 428
336 428
336 428
336 428
335 428
335 428
335 428
335 428
334 428
333 428
333 428
332 428
331 428
331 427
330 427
329 427
328 427
328 427
327 427
326 427
327 427
326 427
327 427
325 427
325 426
325 427
325 427
323 427
324 426
324 426
324 426
324 426
324 426
324 426
323 426
322 426
323 426
323 426
324 427
324 427
324 427
324 427
324 427
324 427
324 427
324 427
323 427
324 427
325 427
325 427
326 427
326 427
325 427
326 428
326 428
326 428
326 428
327 428
326 428
327 429
327 429
327 429
326 429
327 429
327 428
327 428
327 428
328 429
328 429
327 429
327 429
326 429
328 429
328 429
327 429
327 429
327 429
329 429
328 429
328 429
327 429
327 429
328 429
329 429
328 429
328 429
328 429
328 429
329 429
328 429
328 429
329 429
328 429
328 429
328 429
328 429
328 429
328 429
328 429
329 429
328 429
329 429
329 429
329 429
329 429
330 429
331 429
330 430
330 430
330 429
330 429
330 429
330 429
330 429
330 429
330 429
330 429
330 429
330 429
330 429
329 429
329 429
329 429
330 429
330 429
331 429
331 429
331 429
331 429
331 429
331 429
331 429
331 429
330 429
331 429
331 429
332 429
332 429
332 429
332 429
332 429
333 429
332 429
332 429
332 429
333 429
333 429
334 429
333 429
333 429
333 428
333 429
334 429
334 429
334 429
334 429
335 429
334 429
335 430
336 430
336 430
336 430
337 430
336 430
337 430
337 430
338 430
338 430
338 430
338 430
339 430
339 430
339 430
339 430
339 430
339 430
339 430
339 430
340 430
339 430
340 430
339 430
340 430
341 430
340 430
341 430
340 430
340 430
340 430
341 429
340 429
340 429
341 429
340 429
340 429
340 430
340 430
340 430
341 430
340 430
340 430
340 430
340 430
340 430
339 430
340 430
340 431
339 431
341 431
340 431
339 431
339 431
339 432
338 432
339 432
338 432
338 432
337 432
337 432
336 432
337 432
337 432
337 433
338 433
338 433
338 433
337 433
338 433
337 433
338 433
338 433
337 433
338 433
338 433
337 433
338 433
338 433
338 433
338 433
339 433
338 434
338 433
337 434
338 433
338 434
337 434
338 434
339 434
339 434
339 434
339 434
339 434
339 434
339 434
339 434
339 434
339 434
339 434
339 434
339 434
340 434
340 434
340 434
340 434
340 434
340 434
339 434
341 434
340 434
340 434
340 434
341 434
340 433
340 433
341 433
340 433
341 433
340 432
340 432
340 432
340 432
340 432
340 432
340 432
340 432
340 432
341 432
341 433
340 433
340 433
340 433
340 433
340 433
340 433
341 433
341 434
341 434
341 434
340 434
340 434
340 434
341 434
340 434
341 434
340 435
340 435
340 435
340 435
340 435
340 435
341 435
341 435
341 435
340 435
341 435
340 435
340 435
341 435
341 435
341 435
341 435
340 435
340 435
340 435
339 435
339 435
340 435
340 435
339 435
340 435
340 435
339 435
340 436
340 436
340 436
339 436
339 436
339 436
340 437
340 437
341 437
340 437
340 437
339 437
339 437
340 437
339 437
340 437
339 437
339 437
339 437
339 437
339 438
339 438
339 438
339 438
339 438
339 438
339 438
339 438
339 439
339 439
339 439
339 439
339 439
339 439
339 439
338 439
339 439
339 439
340 439
340 439
340 439
340 439
340 439
340 439
339 439
339 439
339 439
339 440
340 439
340 440
340 440
340 440
339 440
340 440
340 440
340 440
340 440
340 440
340 440
339 441
340 440
340 440
340 440
340 440
339 440
339 440
340 440
340 440
339 440
339 440
340 440
340 441
339 441
339 440
339 441
339 441
340 441
340 441
339 441
341 441
340 441
340 441
340 441
340 441
340 441
340 442
339 442
340 442
340 442
339 442
338 443
339 442
338 443
338 443
338 443
338 443
338 443
336 443
337 443
337 443
337 443
336 443
336 443
337 443
337 443
338 443
338 444
338 444
338 444
338 444
338 444
337 445
337 445
337 445
337 445
337 445
338 445
337 445
338 445
337 445
338 445
338 445
337 446
337 446
337 446
337 446
337 446
337 446
338 446
337 446
337 446
337 446
337 446
338 446
338 446
338 447
337 447
337 447
338 447
338 448
337 448
337 448
337 448
337 448
336 448
337 448
336 448
335 448
336 448
335 448
335 448
335 448
335 448
335 448
334 449
333 449
334 449
334 449
334 449
334 450
334 450
334 450
335 450
334 450
334 450
335 450
334 450
334 451
334 451
333 452
335 451
333 451
334 452
333 452
333 452
334 452
333 453
333 453
334 453
334 453
334 453
333 453
333 454
334 454
333 454
334 454
333 455
333 455
333 455
334 455
333 456
335 456
334 456
333 456
334 456
334 456
334 456
335 456
333 457
333 457
334 456
333 457
333 457
333 457
333 458
334 458
335 458
333 458
333 458
333 458
333 458
334 458
333 458
333 459
333 459
333 459
333 459
333 459
333 459
334 459
333 459
334 458
333 458
334 458
333 458
333 458
333 458
333 458
333 458
334 458
332 458
334 458
334 458
334 458
333 458
333 458
333 458
332 458
333 458
333 458
334 458
333 458
334 458
333 458
333 458
332 458
333 458
333 458
334 458
334 458
333 458
333 458
333 458
333 458
333 458
333 458
333 458
333 457
333 457
333 457
333 457
333 457
334 457
333 457
335 458
335 458
335 458
336 457
334 457
335 457
334 457
334 457
336 457
334 458
335 457
336 457
336 457
336 457
336 457
336 457
336 457
336 457
336 457
335 458
336 457
337 457
337 457
337 457
338 457
339 457
339 457
340 457
341 457
342 457
342 456
343 457
344 456
345 456
347 455
347 455
348 455
348 455
349 455
349 454
350 454
350 454
350 454
350 454
351 454
352 453
354 453
354 453
354 453
354 453
354 453
354 453
354 452
354 452
355 451
354 451
354 451
354 451
356 451
355 450
356 450
357 450
357 449
357 449
358 449
358 449
357 448
357 448
358 448
359 447
359 447
359 446
359 446
360 446
361 445
361 445
361 445
361 445
362 444
362 443
364 443
365 443
365 443
365 442
366 442
367 441
366 441
367 441
367 440
367 440
367 440
366 439
366 439
366 439
367 439
367 438
367 438
367 438
367 438
368 438
368 438
368 438
368 438
369 438
368 438
368 438
369 438
369 438
369 438
369 438
369 438
369 438
368 437
368 437
367 437
368 437
367 437
367 437
367 437
366 437
365 437
365 437
365 436
363 436
363 436
364 436
364 436
363 436
364 436
364 435
364 435
364 435
364 435
363 435
363 435
362 434
363 434
362 434
362 434
361 434
363 434
362 434
362 434
362 434
362 434
361 434
362 434
362 434
361 434
361 434
361 433
360 434
361 434
360 434
361 434
360 434
361 433
360 434
361 434
361 433
361 433
361 433
361 433
361 433
361 433
361 433
361 433
361 433
361 433
360 433
360 433
360 433
360 433
360 433
359 433
360 433
359 433
360 433
360 433
360 432
359 432
360 432
359 432
359 432
359 432
358 433
359 433
359 432
359 433
359 432
359 433
359 432
360 432
359 432
360 432
358 432
358 432
359 432
359 432
359 432
359 432
359 432
358 432
359 432
358 432
359 432
358 433
359 433
360 433
359 433
359 433
359 434
359 434
360 434
359 434
359 434
359 435
359 435
359 435
359 435
358 435
359 435
359 434
359 434
358 434
359 434
358 434
358 434
358 434
358 434
359 434
359 434
360 435
358 435
359 435
359 436
360 436
360 437
360 437
360 437
360 437
360 438
360 438
360 438
359 438
359 438
358 438
359 438
359 438
358 438
358 438
358 437
358 437
359 437
358 437
358 437
359 437
359 437
359 437
358 437
359 437
359 437
358 436
357 436
355 434
355 434
357 434
358 435
357 435
356 436
357 436
358 437
357 437
357 437
356 437
356 437
356 437
357 437
357 437
356 437
357 438
356 438
356 438
356 438
357 438
356 438
357 439
357 439
356 440
357 440
357 440
357 440
357 440
357 441
357 441
356 441
356 441
357 441
357 442
357 442
357 442
356 443
356 443
356 443
357 443
356 443
356 444
356 444
355 445
356 445
355 445
356 445
355 445
356 446
356 446
356 446
356 447
356 447
357 447
357 447
356 447
356 448
357 448
357 448
357 448
357 448
358 448
358 448
358 448
358 448
358 448
358 449
359 449
358 449
359 449
358 450
359 450
360 450
359 451
360 451
359 452
359 452
359 452
360 452
360 452
360 453
360 453
360 453
361 453
361 453
361 454
361 454
362 454
361 454
362 454
361 454
362 454
361 455
362 455
362 455
362 455
362 455
363 455
363 455
364 456
364 456
364 456
365 456
364 456
365 456
366 457
365 457
366 457
366 457
366 457
366 457
366 457
367 458
368 458
367 458
367 458
368 459
368 459
369 459
369 459
368 459
369 460
369 460
368 460
368 460
369 460
368 460
368 460
368 460
369 460
369 460
370 461
370 460
370 461
370 461
371 461
371 461
372 461
372 461
372 461
374 461
373 461
372 461
373 461
373 461
373 461
373 461
373 461
373 461
373 461
372 461
372 461
373 461
373 461
373 461
373 461
373 461
373 461
372 461
372 460
372 461
371 461
371 460
370 461
370 461
370 461
370 461
369 461
369 461
368 461
369 461
367 462
367 462
369 462
367 462
368 462
367 462
367 461
367 461
367 461
366 461
366 461
366 461
366 461
366 461
367 462
365 462
366 461
366 461
366 461
365 461
364 460
363 460
361 461
363 461
362 461
362 461
361 461
361 461
360 462
361 462
362 463
362 463
362 464
361 464
361 464
361 465
361 466
361 467