348 157
347 157
347 156
346 156
348 156
347 156
346 156
344 156
343 156
344 155
344 154
344 154
343 154
342 154
343 154
345 153
345 153
346 153
345 153
345 154
346 154
346 154
347 154
347 154
349 155
349 155
349 155
347 156
348 155
348 155
348 155
348 154
348 154
348 153
349 153
349 153
349 153
350 153
350 152
351 153
351 153
350 153
352 153
352 153
352 153
351 153
351 153
351 153
352 153
353 153
353 153
350 153
350 152
350 152
351 151
351 151
349 151
351 150
351 150
353 152
351 153
349 155
349 155
349 154
350 153
349 152
348 152
349 152
349 152
349 152
348 152
348 152
350 152
350 152
349 151
350 151
350 151
350 150
350 150
351 150
350 150
350 149
351 149
351 150
350 151
348 151
348 151
351 150
351 149
351 149
350 149
351 149
352 149
352 149
353 149
351 149
351 150
351 150
352 150
352 149
352 148
353 148
353 147
354 147
355 147
355 147
356 147
355 147
356 147
355 147
355 146
356 146
357 146
358 146
358 146
360 146
361 146
360 146
361 145
362 145
363 144
363 144
363 144
364 144
365 144
367 145
367 144
369 143
370 143
372 142
372 142
371 142
370 142
371 142
372 141
372 141
373 140
373 140
374 140
373 139
373 139
374 138
376 138
377 137
378 137
378 136
377 136
377 135
378 134
378 133
378 133
378 132
379 132
379 132
379 132
380 132
381 133
381 133
382 134
383 134
384 134
384 134
387 134
388 135
390 134
391 134
391 134
391 134
392 135
392 135
392 135
395 134
396 134
395 135
394 135
393 135
393 134
395 134
396 134
396 134
396 135
397 135
399 135
399 135
399 135
398 135
399 134
402 134
403 134
403 134
402 134
403 134
404 134
404 135
404 135
403 135
404 135
405 136
404 137
403 138
403 138
405 138
405 137
404 137
404 135
405 135
405 135
406 136
404 137
404 136
405 135
406 134
405 133
406 133
407 133
404 133
404 133
404 132
404 131
405 131
404 129
404 128
405 128
404 128
404 128
405 127
406 127
405 126
405 125
406 124
407 123
408 123
409 123
408 124
410 123
412 122
414 121
413 121
414 121
416 120
419 120
420 120
422 120
424 120
426 120
426 120
427 120
428 119
431 119
437 117
438 117
439 116
444 115
445 114
445 114
447 114
448 114
449 115
451 116
453 116
455 115
456 114
456 113
458 113
460 112
461 112
462 112
463 112
465 113
467 113
470 113
473 113
473 112
475 112
476 111
478 111
479 111
481 109
484 108
487 108
488 107
488 106
490 106
491 105
492 105
493 104
494 104
495 105
494 106
496 106
498 105
499 104
499 103
500 101
501 100
503 100
500 101
501 101
505 99
506 98
505 98
505 98
505 96
509 94
510 94
510 94
511 93
512 92
511 92
512 92
511 92
510 92
509 91
509 90
508 90
507 90
505 90
505 89
505 88
504 88
504 87
502 87
502 86
502 85
502 84
503 84
502 84
503 83
503 82
502 81
500 80
502 79
501 79
499 79
497 78
496 77
495 77
494 76
493 75
491 74
490 73
490 73
490 72
486 71
484 70
482 70
481 70
481 69
479 69
477 68
473 66
472 66
472 66
469 66
467 66
465 65
465 65
465 64
462 64
459 64
460 63
460 63
460 63
457 62
458 62
458 62
457 61
455 61
454 60
455 60
456 59
455 59
455 59
452 58
452 58
452 58
454 57
454 57
455 56
456 55
458 54
460 53
461 53
462 53
463 52
464 52
464 51
465 50
464 50
463 50
465 49
465 48
467 48
465 47
465 47
466 47
467 46
466 46
466 46
467 45
469 44
470 44
470 43
471 42
472 41
474 41
476 41
476 40
478 39
481 38
483 37
487 36
489 36
491 35
495 34
496 34
495 33
496 33
499 33
501 33
503 32
506 32
508 32
508 31
511 29
513 28
515 27
518 26
519 25
522 21
522 20
524 20
524 20
524 19
526 18
529 17
530 17
532 16
533 16
535 15
536 14
539 14
542 13
544 12
547 12
550 11
551 12
553 12
554 12
556 12
556 12
557 11
559 11
559 10
557 9
562 8
565 8
566 7
568 7
572 6
576 7
578 7
581 8
584 9
587 9
588 10
590 10
590 10
592 9
594 9
595 7
596 6
598 5
598 4
599 3
600 3
601 1
601 1
601 1
604 1
606 1
608 0
610 0
613 0
616 0
618 1
625 1
627 1
628 1
628 1
630 1
632 0
639 0
642 0
645 0
646 -1
648 -2
652 -2
657 -2
657 -2
658 -1
660 -1
661 0
663 1
664 4
665 5
668 6
669 7
670 8
672 9
674 9
677 9
679 9
683 8
691 6
693 5
695 4
696 4
694 3
693 2
693 2
693 2
692 3
693 3
696 3
697 3
697 4
699 5
701 6
704 6
707 7
709 7
711 8
715 8
717 8
718 8
719 9
721 10
723 10
725 9
727 9
730 9
736 9
738 9
740 9
742 9
746 9
748 10
748 10
749 11
749 12
753 12
754 13
755 14
754 15
753 15
754 15
756 15
758 15
762 16
762 16
764 16
767 16
771 17
774 18
775 19
775 19
776 20
778 19
779 19
780 19
781 21
780 21
778 23
776 24
775 26
775 27
771 28
769 29
768 30
768 31
768 31
768 31
766 32
766 33
767 34
768 34
767 36
767 36
769 37
770 37
772 38
772 39
771 39
772 39
773 39
773 39
773 39
773 40
774 40
773 40
773 40
772 40
772 41
772 42
770 42
768 43
769 43
769 43
767 44
765 45
763 46
761 47
760 48
758 48
754 49
752 49
753 48
753 47
751 47
747 47
745 47
744 47
743 47
741 48
738 49
738 50
736 51
732 52
731 53
730 53
731 53
730 54
729 54
729 55
727 56
728 56
730 57
728 57
725 58
725 58
727 59
727 58
728 58
731 58
734 59
737 59
739 60
739 61
743 62
745 62
749 61
752 61
753 61
749 62
748 63
749 64
749 65
748 65
747 66
746 66
744 67
744 67
743 68
742 69
743 70
742 71
740 73
740 74
738 76
735 77
734 78
733 79
734 80
731 82
728 84
726 85
725 86
726 86
725 85
724 86
724 86
723 88
723 89
721 90
723 91
723 92
723 92
723 93
722 94
722 94
723 95
726 96
725 97
724 98
725 99
726 100
727 100
727 101
726 101
725 102
727 102
727 103
725 104
724 105
724 106
724 107
724 109
721 112
720 113
719 115
715 118
715 118
714 119
713 120
712 121
712 123
710 124
710 125
710 126
707 128
704 130
703 131
703 131
701 132
701 132
700 134
698 135
696 137
694 138
693 140
693 141
693 141
693 142
690 144
690 145
692 146
694 147
697 147
696 147
696 147
694 148
693 149
690 149
690 150
690 150
689 151
688 152
685 154
685 154
684 156
682 157
681 157
680 158
680 159
680 159
679 160
678 161
678 161
678 161
676 162
675 163
673 164
671 165
670 165
669 166
668 166
668 167
667 167
665 168
663 169
662 170
662 170
661 171
660 171
656 172
655 173
655 173
654 174
652 174
651 174
650 175
649 175
648 176
647 176
644 178
643 179
641 179
640 180
637 181
635 182
634 183
634 184
632 185
631 186
629 187
629 187
629 188
628 189
628 190
627 191
626 192
626 193
626 193
625 194
623 195
622 196
622 197
622 199
620 200
619 200
617 201
616 202
615 204
613 205
611 206
610 208
610 208
610 209
610 209
608 211
607 211
607 212
606 212
606 212
606 213
605 214
603 215
603 216
603 217
602 218
600 218
598 221
595 223
595 223
593 223
592 223
593 223
591 223
589 225
588 225
587 226
587 226
588 226
586 226
584 226
585 227
583 227
582 228
580 229
579 230
578 231
575 233
573 234
571 235
569 236
568 237
567 238
564 238
562 239
562 239
560 239
558 240
558 241
556 242
555 242
555 242
554 243
553 244
551 245
550 246
549 247
548 248
546 249
545 249
545 250
541 251
540 251
538 252
537 252
536 253
533 253
532 254
530 254
528 254
529 255
528 256
527 256
524 257
524 257
524 257
522 258
521 258
521 258
520 259
517 260
515 261
513 262
512 262
512 263
511 262
510 262
508 263
508 263
504 265
502 265
501 265
500 265
499 266
497 267
496 267
495 268
492 268
492 269
491 270
490 270
489 270
489 271
488 271
487 272
486 273
486 273
486 273
484 273
483 273
483 274
482 274
481 274
478 274
478 274
476 275
475 276
473 276
471 276
470 276
469 277
469 277
468 277
467 277
467 277
466 277
466 277
465 277
464 277
464 278
463 279
462 279
463 279
462 279
461 279
460 279
459 279
459 280
460 281
460 282
459 282
460 283
460 283
460 283
461 284
461 284
462 284
460 284
460 284
459 285
458 285
457 286
456 286
456 287
455 287
456 288
456 288
456 289
455 289
455 289
455 289
455 289
455 290
455 290
455 290
455 290
454 290
454 290
454 291
452 291
451 291
451 292
450 292
450 293
447 293
447 293
445 293
445 293
444 294
441 294
440 294
439 294
439 294
438 294
437 295
436 295
435 295
435 295
433 295
432 295
432 295
430 295
429 295
428 296
428 296
429 296
427 296
424 296
424 297
425 297
424 297
425 297
425 297
425 297
425 297
425 297
424 298
424 298
424 298
423 297
424 298
425 298
424 299
424 299
423 299
423 300
422 300
422 300
422 301
421 301
420 301
419 302
419 302
418 302
418 302
418 302
417 302
416 302
417 302
416 302
416 302
416 302
415 303
415 303
414 304
414 304
413 304
413 304
413 305
413 305
413 306
412 306
411 307
412 307
412 308
411 308
412 308
411 309
411 310
412 310
413 310
413 311
413 311
413 311
413 311
415 311
415 312
415 312
414 312
416 312
420 313
421 314
422 315
423 315
422 316
423 316
422 316
423 317
424 317
423 317
423 318
422 318
422 318
423 318
423 319
424 319
423 319
422 319
423 319
423 319
424 320
423 320
423 320
424 321
423 321
423 321
423 322
424 323
423 325
423 326
424 326
425 326
424 327
424 327
424 328
425 328
424 328
424 329
425 330
425 331
425 331
424 332
425 333
426 333
426 333
426 334
427 335
429 335
428 336
428 336
429 336
430 336
431 337
431 338
432 339
432 339
433 339
433 341
434 341
434 342
434 342
435 343
436 343
436 344
435 345
437 345
437 345
437 346
438 346
437 347
437 347
438 348
436 349
437 349
437 350
436 350
438 350
437 351
437 351
437 351
438 352
437 352
438 353
437 353
437 354
438 355
438 355
438 355
438 356
439 356
438 357
438 357
439 357
439 357
439 358
440 358
441 359
440 359
440 359
440 359
441 359
441 360
441 360
440 361
441 361
441 361
442 361
441 362
441 362
442 362
442 363
442 363
441 364
442 365
442 365
440 366
441 366
441 366
440 366
442 366
441 366
441 367
441 368
441 368
440 368
439 369
440 369
441 369
440 369
440 370
440 370
439 370
440 370
440 370
441 371
440 371
439 372
439 372
440 372
440 373
440 373
439 373
440 374
439 374
439 374
439 374
438 375
440 375
439 375
439 375
439 375
439 375
439 375
438 375
439 375
440 376
440 376
440 376
440 376
440 376
441 376
441 377
440 377
440 377
439 377
439 377
438 377
436 377
434 377
434 377
432 377
433 377
431 377
431 377
432 377
431 377
431 377
431 377
431 376
431 377
430 377
428 377
428 377
427 377
426 378
426 378
425 378
425 378
424 378
423 378
423 378
422 377
422 377
422 377
420 377
418 376
417 376
416 376
416 376
416 376
415 376
414 375
412 375
411 375
412 375
410 375
410 375
411 374
412 374
412 374
412 374
412 374
412 374
412 374
412 374
411 374
410 374
411 374
412 374
410 373
410 373
409 373
409 373
407 373
407 372
406 372
406 372
406 372
406 371
404 371
403 370
403 370
403 369
403 369
402 369
402 368
400 368
401 368
401 368
400 367
398 367
397 367
397 367
395 366
395 366
394 366
394 365
394 365
393 364
393 364
391 364
390 364
391 364
391 363
389 363
389 363
389 363
388 362
388 362
388 361
387 361
388 361
387 360
388 360
387 359
387 359
387 359
387 358
387 358
387 358
387 358
387 357
387 357
388 357
387 356
386 355
387 355
387 354
387 354
387 354
388 353
387 353
388 352
388 352
390 351
388 352
389 352
387 352
389 351
389 350
390 349
390 348
391 348
392 348
391 348
390 348
391 347
393 346
392 345
393 345
392 344
392 345
392 345
392 344
392 343
392 343
393 342
394 342
393 342
393 342
393 341
394 340
393 340
395 339
395 339
396 339
395 339
395 338
396 337
396 337
397 337
398 337
398 337
398 337
399 336
400 335
400 335
401 335
399 335
400 334
401 334
401 333
400 333
402 332
403 332
404 331
404 330
404 330
404 329
406 329
405 328
406 328
406 327
407 327
408 326
408 325
409 325
409 324
409 324
409 323
409 322
409 322
410 321
410 321
409 321
410 320
411 320
410 320
410 319
411 319
410 319
411 318
411 318
411 317
411 316
410 315
410 315
411 315
411 314
410 314
410 313
410 313
411 312
411 312
411 311
412 311
412 311
413 311
413 311
414 311
413 310
413 310
413 310
414 310
414 310
413 310
413 310
413 309
413 308
413 308
412 307
412 306
413 306
412 305
413 305
412 304
413 304
413 303
413 302
412 302
412 301
412 301
412 300
412 300
412 299
412 299
412 299
412 298
411 298
411 297
410 297
410 297
411 297
411 296
411 295
411 295
412 295
413 295
413 294
413 294
414 293
414 293
415 293
414 293
415 293
413 293
414 292
414 292
414 292
414 291
414 291
415 291
415 291
415 290
414 289
415 289
415 289
416 289
417 288
419 288
419 288
421 288
422 287
423 287
424 286
425 286
428 286
429 286
432 286
436 286
439 287
439 287
440 287
440 286
440 286
440 286
441 286
441 286
443 286
443 286
443 285
443 285
445 284
446 284
447 284
449 284
450 283
453 283
454 283
455 283
456 283
458 283
459 283
461 283
463 282
464 282
464 282
464 282
466 282
467 281
467 281
466 280
467 280
469 280
469 280
469 279
469 279
470 279
471 279
473 279
474 278
474 278
474 278
477 277
476 277
477 277
478 277
477 277
477 277
478 277
477 277
478 277
478 278
477 278
476 278
478 277
479 277
481 276
483 276
485 276
486 276
487 275
488 275
488 275
488 274
488 274
490 273
491 273
493 273
495 273
496 272
499 272
500 271
500 271
500 270
501 270
501 270
501 269
501 269
502 269
503 269
503 268
503 268
502 268
501 267
503 267
505 267
506 266
507 266
506 265
508 265
509 265
512 264
514 264
514 264
514 264
515 264
515 264
516 264
517 264
517 264
518 264
519 265
519 265
519 265
519 265
522 265
522 264
521 264
521 264
521 264
522 264
521 264
522 263
522 263
523 263
523 262
524 262
524 261
524 261
523 260
525 260
525 259
525 258
526 257
526 257
527 257
528 256
528 256
529 255
530 254
530 254
530 253
530 253
532 253
533 252
535 252
535 252
535 252
536 251
537 251
539 251
538 251
539 250
540 250
541 249
540 249
540 248
541 248
542 247
542 247
544 246
545 246
546 246
547 246
548 245
550 243
551 242
551 242
553 241
555 240
557 239
560 238
561 237
560 236
561 236
563 235
565 233
565 232
565 232
567 231
567 230
568 229
567 227
567 226
569 226
568 226
568 225
569 224
569 223
569 222
569 221
568 220
569 219
569 219
568 218
568 217
568 216
569 215
570 215
569 214
569 213
569 212
569 211
570 210
570 208
568 208
569 206
568 206
570 205
569 204
570 203
570 201
570 200
569 199
570 198
572 197
573 196
574 195
575 195
575 194
576 193
577 191
577 189
578 189
579 188
578 187
579 186
581 185
582 184
583 183
584 182
584 182
584 181
585 180
586 179
586 178
584 177
585 177
583 176
581 176
580 175
577 175
575 173
573 173
571 172
570 172
569 171
568 171
565 170
565 170
564 170
561 169
561 167
560 166
559 166
558 165
557 164
557 163
556 161
555 160
556 159
557 158
558 157
557 156
558 155
558 154
557 153
557 152
557 151
558 150
557 149
557 149
557 148
557 148
556 145
556 144
556 144
557 143
556 142
558 140
558 139
557 138
558 137
558 136
556 134
556 133
558 131
559 130
559 129
558 128
559 127
560 126
561 125
560 124
560 123
559 122
560 120
562 119
564 118
563 117
564 116
564 115
565 115
567 113
567 113
567 111
567 110
567 109
571 107
571 107
569 106
569 106
570 105
571 104
574 104
574 103
573 103
573 102
574 100
574 99
573 99
574 97
575 96
575 95
571 94
569 93
567 89
566 88
564 87
563 86
561 85
554 84
551 84
550 84
548 85
547 85
545 85
541 85
540 85
539 85
540 85
539 84
537 83
533 81
533 80
534 80
535 79
534 79
529 79
527 79
526 80
523 80
521 80
517 81
517 80
517 81
516 81
515 81
513 81
512 80
513 80
512 79
510 79
511 78
507 77
507 77
506 77
506 77
504 77
502 77
500 77
499 77
497 77
496 77
492 77
489 77
489 77
488 78
485 77
482 77
481 77
479 78
479 78
478 78
474 79
473 80
472 80
471 80
469 81
467 82
468 83
467 84
465 85
465 86
467 87
467 88
465 89
463 89
463 89
464 90
463 91
461 91
461 92
460 93
460 93
458 95
458 96
456 97
455 98
453 99
452 99
451 99
450 101
448 101
447 102
447 103
446 104
445 105
444 105
443 105
444 105
445 106
443 107
441 108
441 108
443 108
444 109
440 111
440 112
441 112
442 113
442 114
440 114
437 115
436 116
432 117
430 118
428 118
426 119
423 119
418 120
414 120
411 120
408 120
406 121
405 121
403 122
399 122
397 122
394 123
390 123
384 125
384 125
383 126
381 127
378 127
376 128
376 128
374 129
374 129
372 130
372 130
370 131
368 132
364 134
364 135
363 136
362 137
362 138
364 140
363 141
362 143
362 143
365 146
365 147
369 148
372 149
372 151
371 153
373 154
376 155
376 156
376 158
377 159
377 160
378 160
378 162
378 163
378 164
378 164
379 165
379 166
379 167
379 168
380 169
378 171
377 172
377 172
377 173
377 174
378 174
378 176
377 178
377 179
378 180
377 181
377 181
376 182
377 183
377 185
377 186
378 187
379 188
379 189
379 190
379 190
378 191
378 192
377 192
378 192
377 193
377 193
376 194
374 195
373 195
372 195
373 195
371 195
370 196
370 197
371 197
371 197
371 198
369 198
369 198
369 198
369 198
368 198
367 198
368 199
368 199
367 200
365 200
365 200
365 201
363 202
362 202
361 203
361 204
360 205
360 205
359 206
360 206
361 206
361 206
361 206
361 206
362 206
362 206
364 207
363 207
363 207
362 208
363 208
363 209
362 209
362 209
361 208
359 208
358 208
357 208
356 208
355 207
354 206
355 206
355 206
354 206
354 206
354 206
354 207
354 207
354 208
353 208
354 208
356 208
357 208
357 208
357 209
358 208
358 208
360 208
361 208
362 208
362 208
364 208
365 208
366 207
366 207
366 206
366 206
366 205
366 204
365 203
363 203
364 202
364 202
363 201
363 200
364 199
362 199
362 199
362 198
362 197
363 197
363 197
363 197
362 197
363 196
364 195
364 195
364 194
364 193
364 193
362 193
361 192
360 191
359 190
359 190
358 189
357 189
356 189
354 188
353 187
352 186
351 186
352 185
351 185
350 185
350 185
351 185
350 185
350 184
350 184
349 184
348 183
348 183
347 182
346 182
346 182
344 181
344 181
344 181
343 180
343 180
342 179
342 179
341 180
340 180
340 179
341 178
341 178
340 177
341 176
341 176
341 176
341 175
339 175
339 175
339 175
339 175
339 174
338 174
338 173
338 173
338 173
339 173
338 173
338 173
338 173
338 173
338 172
338 172
337 172
337 171
337 172
336 172
336 172
337 171
337 171
336 170
336 170
338 169
340 170
339 170
339 170
339 170
340 170
339 170
338 170
339 170
339 171
339 171
339 171
338 172
339 172
339 172
339 172
340 172
339 172
340 171
339 171
338 171
339 171
339 171
339 171
338 171
339 171
339 172
339 171
341 171
342 172
343 172
345 173
346 173
345 174
345 174
345 174
345 174
346 174
345 174
346 173
346 173
347 173
347 172
347 171
349 170
350 169
352 168
352 167
353 166
354 166
354 166
354 165
353 165
353 165
353 164
354 164
355 165
356 165
354 165
355 165
356 165
355 165
354 165
354 164
355 163
356 163
356 162
356 162
355 162
355 162
356 162
356 162
356 162
356 162
357 162
356 162
357 163
356 163
356 163
356 163
355 163
355 162
355 162
356 162
356 162
356 162
358 159
359 158
359 158
360 158
359 159
360 161
361 162
362 162
362 163
362 162
361 160
362 159
365 158
366 158
365 158
366 159
367 159
368 161
367 162
365 164
366 164
365 165
365 166
365 167
364 168
363 171
364 172
365 174
366 175
366 177
367 178
368 180
368 181
370 182
372 184
373 185
376 188
378 189
378 191
379 192
379 194
379 195
380 198
382 199
383 201
383 203
384 205
383 207
383 209
385 211
385 212
386 214
388 216
388 218
389 219
391 221
392 226
391 228
392 231
394 233
396 235
397 237
398 239
399 241
400 244
401 245
404 248
405 250
406 252
408 256
408 258
407 261
407 262
408 264
411 266
411 268
412 270
411 272
410 274
411 276
412 280
413 282
411 284
412 286
412 287
412 289
411 291
410 293
409 295
409 297
408 299
408 300
408 302
408 303
407 305
406 307
407 309
407 310
406 312
405 314
405 318
406 319
406 321
405 322
406 324
404 326
405 327
406 329
406 330
405 331
406 333
406 334
406 335
407 336
407 337
407 338
406 339
407 340
408 341
408 342
409 342
410 343
412 343
412 344
414 345
414 346
413 346
414 347
414 347
414 348
413 348
415 349
414 349
414 350
414 351
413 351
412 352
412 352
412 353
410 353
410 353
408 354
408 355
407 355
406 355
406 356
404 356
405 357
404 358
403 358
402 359
402 359
402 360
403 360
402 361
401 362
401 363
400 363
401 364
400 365
400 365
399 366
399 367
398 367
397 368
397 368
397 368
397 369
396 369
396 370
395 370
395 370
395 371
394 371
394 371
394 372
394 372
395 372
395 373
394 373
395 373
396 374
396 374
397 375
396 375
397 375
397 376
397 376
398 376
398 376
398 376
397 376
398 376
398 376
398 376
397 376
396 376
397 376
398 376
397 376
397 376
397 376
397 376
397 376
397 376
396 376
396 376
396 375
397 376
397 375
396 375
395 375
395 374
397 375
396 375
398 375
397 376
397 376
396 376
396 377
396 377
396 377
395 377
395 378
395 378
394 379
394 379
394 379
393 380
394 380
394 381
392 381
393 382
391 383
392 382
392 382
392 382
391 382
391 382
391 382
391 382
391 382
390 382
389 383
390 383
391 383
391 383
390 384
390 383
391 383
393 384
391 384
392 384
392 384
394 384
394 384
394 385
394 385
396 385
395 385
396 385
395 385
396 385
397 385
396 385
397 385
396 385
397 385
398 385
399 386
399 386
399 386
399 385
400 385
400 385
401 385
401 385
401 386
401 386
401 386
402 387
401 387
403 388
403 388
402 389
402 390
403 390
403 391
404 391
405 391
405 391
405 391
405 391
405 391
406 390
405 390
405 390
406 390
407 389
408 389
407 389
408 389
407 389
407 388
406 389
407 388
407 388
407 388
407 388
407 388
408 388
409 388
407 388
408 389
407 389
407 389
408 389
408 389
407 389
406 389
406 389
408 389
409 389
408 389
407 389
408 388
408 388
409 388
408 388
409 388
409 387
409 387
409 387
410 387
409 386
410 386
410 386
410 386
410 386
410 386
411 386
411 386
411 386
410 386
411 386
411 386
411 386
412 386
412 386
412 386
412 386
412 386
412 386
413 386
413 385
414 385
414 385
414 385
415 385
415 385
415 385
415 385
415 385
415 384
414 384
414 384
414 384
414 384
414 384
414 384
414 384
414 384
414 384
414 384
413 384
413 384
413 384
413 384
413 384
412 384
413 384
413 384
413 384
412 384
412 384
412 384
412 384
411 384
412 384
410 383
410 384
410 384
410 384
411 384
409 383
410 383
408 383
409 383
408 383
408 383
408 383
408 383
408 383
408 383
409 383
408 383
408 384
409 384
410 384
410 383
411 383
411 383
410 383
411 384
411 384
410 384
410 384
410 384
410 384
410 384
410 384
411 384
410 384
411 384
410 384
411 385
410 384
411 384
410 384
410 384
411 385
411 385
411 385
410 385
410 385
411 385
411 385
412 385
413 385
413 385
414 385
413 385
413 386
414 386
414 386
414 386
415 386
415 386
415 387
415 387
415 387
415 387
414 386
416 386
415 387
415 387
413 387
414 387
413 387
413 387
413 386
412 387
413 387
412 387
411 387
411 387
410 388
411 388
411 388
410 388
410 388
411 388
410 388
410 388
410 389
410 389
410 389
410 389
411 389
410 389
411 390
409 390
410 390
409 390
409 390
408 390
407 391
408 391
408 391
408 391
407 392
407 392
407 392
407 392
407 392
407 392
407 393
407 393
407 393
407 393
407 394
407 394
406 394
407 394
406 394
406 394
406 395
406 395
405 396
405 396
406 396
404 397
404 397
404 398
404 399
404 399
404 400
404 400
405 401
405 401
404 401
404 401
405 402
404 402
405 402
404 402
405 403
405 403
405 403
404 404
405 404
405 404
406 404
406 404
406 405
406 405
406 405
407 405
406 406
406 406
404 406
405 406
405 406
405 406
405 406
405 406
404 406
404 406
404 406
404 407
405 407
404 407
403 407
404 408
404 408
403 408
403 408
404 408
403 408
403 409
403 408
402 409
402 409
403 409
403 409
402 409
401 409
401 409
401 409
401 409
401 409
400 409
402 409
401 409
399 409
399 410
398 410
399 410
398 410
397 410
398 410
398 411
397 411
397 411
396 411
396 411
396 411
395 411
395 411
395 411
396 412
396 412
395 412
395 412
395 412
395 412
394 412
394 412
393 412
393 412
393 412
392 412
391 412
391 412
391 412
390 411
389 411
389 411
389 411
388 411
388 411
387 410
387 411
387 411
385 410
384 410
384 410
383 410
383 410
383 410
383 410
383 410
383 410
383 410
382 410
382 410
382 411
381 411
382 411
381 411
381 411
381 411
380 411
381 411
381 411
380 411
379 411
379 411
379 410
378 410
378 410
378 410
379 410
378 410
378 410
377 410
377 409
377 409
376 409
376 409
376 409
376 409
375 408
375 408
375 408
375 408
374 408
375 408
374 407
374 407
374 407
374 407
374 407
374 407
374 407
374 407
374 407
374 407
374 407
374 407
374 407
374 407
374 407
373 407
373 407
373 406
373 406
373 406
372 406
372 406
372 406
372 406
373 405
372 405
371 405
371 405
371 405
371 404
370 404
370 404
369 404
369 403
368 403
368 403
367 402
367 402
366 402
367 401
366 401
365 401
366 400
364 400
364 400
363 400
362 399
362 399
363 399
362 399
363 398
364 398
365 399
365 399
365 398
366 399
368 398
368 398
369 398
370 398
370 398
370 398
374 399
373 399
374 398
375 398
376 398
376 398
375 398
376 398
376 397
376 397
377 398
377 398
377 398
378 398
379 398
380 397
380 397
380 397
381 397
383 397
382 397
382 397
383 396
383 396
383 396
384 395
384 395
383 395
384 395
384 395
384 395
384 395
384 395
384 395
384 395
384 395
385 395
385 395
385 395
385 394
385 394
386 394
386 394
387 394
387 394
387 394
387 393
387 393
388 393
387 392
387 392
387 392
388 391
389 391
388 391
388 391
388 390
389 390
389 390
389 390
389 389
389 389
389 389
388 389
388 388
390 388
390 388
390 388
391 388
391 388
391 388
391 387
392 387
391 387
392 387
393 387
393 387
393 387
393 387
394 387
393 386
394 386
394 386
394 386
394 386
393 386
394 386
395 386
395 386
395 386
394 386
394 386
394 386
395 386
395 386
395 386
395 386
395 386
394 386
395 386
395 386
395 386
395 386
396 386
395 386
394 386
394 386
394 386
395 386
394 386
393 386
394 386
394 386
394 386
393 386
393 386
393 385
392 385
392 385
391 385
391 385
391 385
391 385
391 385
391 385
391 384
393 384
392 384
391 384
391 385
392 385
393 385
393 385
392 385
391 385
391 385
392 385
392 385
392 385
393 385
393 385
393 385
393 385
393 385
392 386
392 386
392 386
393 386
393 386
394 386
395 386
394 386
394 387
394 387
395 387
395 387
396 387
397 387
396 387