351 175
351 176
351 176
352 177
352 178
351 178
351 178
352 179
352 179
353 179
353 179
353 180
355 180
354 180
353 181
354 181
355 181
354 182
355 182
355 182
355 183
355 183
356 184
357 184
356 184
357 184
357 184
358 184
359 184
358 184
360 184
360 184
361 183
361 183
361 183
361 184
361 184
360 184
361 184
360 184
360 185
359 185
358 186
358 186
359 186
359 187
360 187
360 187
360 187
359 187
359 187
360 187
359 187
359 187
360 187
359 188
359 188
358 189
358 189
358 189
359 189
359 189
358 190
359 190
359 191
359 191
359 191
360 192
360 192
359 192
360 192
360 193
359 192
359 192
360 192
360 192
360 192
360 192
360 192
361 191
362 192
361 192
361 193
360 193
360 193
359 194
359 194
360 194
361 194
362 195
362 195
363 195
363 196
364 196
364 197
364 197
364 197
365 197
365 197
366 197
365 198
366 198
366 199
366 199
367 199
367 200
367 200
367 200
367 201
367 201
368 202
367 202
367 203
367 203
367 203
367 203
367 203
367 203
367 203
368 203
368 203
368 203
368 203
368 204
368 204
368 204
367 204
368 204
367 204
367 204
367 204
366 204
366 204
366 204
365 204
363 203
362 202
362 202
361 201
361 201
362 202
363 202
363 202
363 202
363 203
363 203
365 204
364 204
364 204
364 204
364 204
364 204
364 205
364 205
364 205
363 205
364 206
364 206
363 207
363 207
363 207
363 208
362 208
362 209
364 209
364 209
364 209
364 209
364 210
365 211
364 211
364 212
365 212
364 213
365 213
365 214
365 214
364 215
363 215
364 215
364 215
364 214
364 214
363 214
363 214
363 214
362 215
362 215
362 215
362 216
362 216
364 217
363 218
362 218
362 218
361 218
361 218
361 219
361 219
361 219
360 219
360 220
359 220
359 220
359 220
360 221
360 221
360 221
361 222
361 222
363 223
362 224
363 224
363 224
365 225
365 225
364 226
365 226
365 227
366 227
365 229
365 229
366 229
366 230
367 230
367 230
369 230
369 231
370 231
370 232
369 232
371 231
372 232
371 233
371 234
371 235
371 236
371 237
372 237
370 237
370 237
370 237
371 238
370 238
369 239
370 239
371 239
370 239
369 240
369 241
369 241
369 241
370 241
370 241
369 241
369 242
368 242
368 243
369 244
369 245
368 245
368 246
369 246
368 247
368 247
368 248
368 249
367 249
366 249
367 249
367 249
366 250
366 250
366 250
366 250
366 251
366 251
365 251
364 251
364 251
366 252
364 253
364 254
364 255
363 256
364 256
364 256
366 256
366 256
366 257
366 257
368 258
368 258
367 258
366 259
367 259
366 259
366 260
366 259
366 259
367 259
367 260
367 260
366 261
367 261
368 262
368 263
368 264
367 264
367 266
368 266
369 266
369 267
369 267
369 268
370 268
370 269
370 269
370 270
370 270
370 270
369 270
370 269
370 269
368 270
369 270
369 270
369 271
368 271
368 271
368 272
370 272
369 274
369 274
370 275
370 275
370 275
370 275
370 276
370 276
370 276
371 276
371 276
371 276
371 277
371 277
370 277
371 277
370 277
371 278
371 278
370 278
370 279
370 279
370 279
370 280
370 280
370 280
371 280
371 281
371 281
372 281
371 282
371 282
371 283
371 283
371 283
371 283
370 283
371 283
370 284
370 284
371 284
371 284
371 284
371 284
371 284
372 284
372 284
371 285
371 286
370 286
370 287
370 288
369 289
369 289
369 290
369 291
369 291
369 291
369 292
370 292
369 293
369 293
370 294
370 294
370 294
370 294
370 294
369 295
370 295
369 295
369 296
370 296
369 296
369 297
369 297
368 297
369 297
369 297
370 297
368 298
368 298
368 299
368 299
368 299
368 299
368 299
368 300
368 300
368 300
367 300
367 300
367 301
367 301
367 302
367 302
368 302
368 303
367 304
368 304
368 305
368 306
368 306
368 306
368 307
368 307
368 308
369 308
368 309
368 309
368 309
367 309
368 309
367 309
367 309
367 310
367 310
367 310
367 311
367 311
367 312
367 312
367 312
368 313
368 313
368 313
368 313
368 314
368 314
368 314
368 314
367 315
367 315
367 315
367 315
367 315
368 315
368 315
367 316
368 316
367 316
367 316
367 316
366 317
366 317
366 317
366 318
366 318
367 318
368 319
368 319
368 319
368 319
369 320
369 320
369 320
369 320
369 320
369 320
368 321
368 321
369 321
368 321
369 322
369 322
369 322
369 322
369 322
370 323
370 323
371 323
370 323
369 323
370 323
370 323
370 323
370 323
370 324
371 324
371 325
373 325
373 325
373 325
373 326
374 326
374 326
373 326
373 326
373 326
373 326
373 326
372 327
372 327
372 327
372 327
372 328
372 328
372 328
372 329
372 329
372 328
370 329
371 328
371 328
371 328
371 328
371 328
371 329
371 329
371 329
371 329
371 329
371 329
371 329
371 329
371 330
371 330
371 330
371 330
371 330
371 330
370 330
370 330
370 330
371 330
371 330
371 330
372 330
372 331
372 331
372 332
373 332
373 331
373 332
373 332
373 332
373 332
373 332
374 332
374 332
375 332
375 332
374 332
376 332
376 332
376 332
377 332
377 332
377 332
378 331
378 332
379 332
378 332
378 332
379 332
379 332
379 332
380 332
381 332
382 332
383 332
383 332
383 332
383 333
383 333
384 333
383 333
384 333
384 333
385 333
386 333
385 333
385 333
387 333
385 333
386 333
386 334
386 334
385 334
386 334
386 334
387 334
389 335
390 334
391 334
392 334
393 334
392 334
393 334
393 333
394 333
395 333
396 333
395 333
397 333
398 333
398 333
398 333
399 333
400 333
401 333
402 333
402 333
402 333
401 333
402 334
402 334
403 333
403 333
404 333
403 333
405 333
404 333
406 333
406 333
406 333
405 333
406 333
406 334
406 334
407 334
406 335
406 335
406 335
405 335
406 335
406 335
408 335
408 335
409 336
409 336
409 336
410 336
410 336
410 336
411 336
412 336
413 336
412 336
413 336
413 335
415 335
415 335
415 335
415 335
416 335
416 335
418 335
418 335
418 335
418 334
419 334
420 334
421 334
422 334
422 334
422 334
422 334
424 334
425 334
424 334
424 334
425 334
426 335
426 335
427 335
427 335
427 335
427 336
428 336
429 336
428 336
429 336
429 336
430 336
431 336
431 336
431 336
431 336
432 336
432 336
433 335
432 336
433 335
434 335
434 335
434 335
434 336
434 335
434 335
434 335
433 335
434 335
434 335
435 335
433 335
435 335
436 336
436 336
437 336
437 337
437 337
437 337
437 338
438 338
438 338
439 338
438 338
439 338
439 338
440 338
440 338
439 338
441 338
440 338
441 338
441 338
442 338
442 338
440 337
441 337
441 337
440 337
441 337
440 337
442 338
442 338
442 338
442 338
443 338
443 338
444 338
443 338
444 338
444 338
445 338
445 337
445 337
445 337
445 337
445 337
446 337
445 337
446 338
446 338
447 338
447 338
447 338
447 338
447 339
447 339
447 339
447 339
447 339
447 339
447 339
446 339
447 339
447 339
447 339
447 339
448 339
448 339
448 339
447 340
448 340
448 340
449 340
448 340
448 341
449 341
449 341
449 341
448 341
448 342
448 342
447 342
446 342
447 342
445 342
445 342
445 342
444 342
444 342
445 342
445 342
444 341
444 341
445 341
445 342
445 342
446 342
445 342
445 342
445 342
446 342
448 342
447 342
447 342
448 342
448 343
449 343
449 343
449 342
450 342
450 342
450 342
451 342
450 342
450 342
450 342
450 342
450 342
450 342
450 342
449 342
450 342
450 342
449 342
449 342
449 342
449 342
449 343
449 343
449 343
449 343
450 343
451 343
450 343
450 343
451 343
451 343
452 343
452 343
452 343
452 344
453 344
452 344
452 344
452 344
453 344
452 344
452 344
452 345
451 345
451 345
452 345
453 345
454 345
452 345
452 345
453 345
453 345
453 345
454 345
454 345
454 345
454 345
454 345
454 346
454 346
455 346
454 347
454 347
455 347
454 347
455 347
455 347
455 347
455 348
455 348
455 347
455 347
455 347
456 347
456 347
457 346
457 346
458 346
458 346
458 347
458 347
458 347
458 347
459 347
459 348
458 348
458 348
459 349
459 349
459 349
459 349
459 350
459 350
459 350
459 351
459 351
459 351
459 351
459 351
459 351
459 351
459 351
459 351
459 351
459 351
459 351
459 351
460 351
460 351
461 351
462 351
462 352
463 352
463 352
463 353
463 353
463 353
462 353
463 353
462 353
463 353
462 352
463 353
463 353
463 353
462 353
463 353
462 354
463 354
462 354
464 354
463 355
463 355
465 355
466 355
466 355
466 355
465 355
465 355
466 355
465 355
465 355
466 355
465 355
466 355
464 355
465 355
465 355
464 355
464 355
464 355
464 355
462 355
461 355
461 355
462 355
461 355
461 355
462 355
462 356
463 356
462 356
462 356
462 356
462 356
462 356
461 356
462 356
461 356
460 356
460 356
461 356
460 356
459 357
460 357
460 357
460 357
460 357
460 358
460 358
460 358
460 358
460 357
459 357
459 357
458 357
458 357
457 357
457 357
457 357
457 357
457 357
456 358
457 358
457 358
457 357
456 357
457 357
457 357
456 357
456 357
455 357
456 357
456 357
457 357
456 357
455 357
455 357
455 356
455 356
455 357
453 357
452 357
452 357
452 357
452 357
452 357
453 358
452 358
451 358
451 358
451 358
451 358
451 358
450 358
449 359
449 359
450 359
449 359
449 360
449 360
449 360
448 360
449 360
449 360
449 360
449 360
450 360
451 360
451 359
451 359
451 360
452 359
451 359
451 359
450 360
449 360
448 360
449 360
448 360
448 360
448 360
448 360
448 361
447 361
448 361
448 361
447 361
447 361
447 361
447 362
447 362
447 361
447 361
447 361
447 361
446 361
446 361
446 361
445 361
445 361
445 361
444 361
443 361
443 362
443 362
442 363
441 363
442 363
441 363
441 363
441 363
442 363
441 363
442 363
442 363
441 362
442 362
442 362
442 362
443 362
442 362
442 362
441 363
441 362
440 362
440 363
440 363
440 363
440 363
439 364
439 364
439 364
439 364
438 365
437 365
436 365
436 365
436 365
437 365
436 366
435 366
435 366
435 366
434 366
434 366
434 367
434 367
434 367
434 367
433 367
433 367
433 368
433 368
433 369
432 369
432 369
430 370
430 370
429 370
429 369
428 369
427 370
424 370
424 370
424 370
424 371
423 371
422 371
422 371
422 371
421 371
422 371
422 372
421 372
421 372
420 372
420 372
420 373
419 373
419 373
419 373
419 373
419 373
418 373
417 373
416 373
417 373
416 373
415 374
414 374
411 374
411 375
410 375
410 375
410 375
409 375
409 375
409 375
409 375
409 375
409 375
409 375
408 375
408 375
408 375
408 375
408 375
407 375
408 375
407 375
406 375
405 375
405 375
405 376
405 375
404 375
404 375
402 375
402 375
401 375
400 375
399 375
398 375
397 375
397 376
396 376
395 376
395 376
395 376
394 377
394 377
392 378
392 378
390 379
391 379
390 379
390 379
390 379
388 379
389 379
388 379
388 378
388 378
387 378
387 378
388 378
387 378
387 378
386 378
387 378
386 378
385 378
385 379
384 379
383 380
383 380
381 381
381 381
381 381
379 382
379 382
379 382
378 382
378 382
377 383
376 383
376 383
376 383
375 382
375 382
375 382
374 382
374 382
374 382
374 381
374 381
375 381
375 381
375 380
374 380
374 380
374 380
374 381
374 381
374 381
372 381
372 381
372 382
371 382
371 382
371 382
370 383
369 383
369 384
369 384
369 385
369 385
368 385
368 385
368 385
369 385
368 385
369 385
368 385
368 385
369 385
370 385
369 386
370 386
369 386
369 386
368 386
369 386
369 386
368 386
367 386
367 386
367 386
367 387
368 387
367 387
368 387
367 387
367 387
367 387
367 387
367 387
366 387
366 387
366 387
366 387
366 387
366 387
366 387
367 388
366 388
366 388
366 388
365 389
366 389
365 389
364 389
364 390
364 390
365 390
364 391
364 391
365 391
365 391
365 391
365 392
365 392
366 392
367 392
366 392
366 392
366 392
365 393
366 393
366 393
367 393
369 393
369 393
368 393
368 394
368 394
368 394
367 394
366 394
366 394
366 394
365 394
365 394
364 395
365 395
364 395
365 394
364 394
364 394
364 394
364 394
364 394
365 394
365 394
364 394
364 395
364 395
364 395
364 395
364 395
364 395
364 395
365 395
364 395
364 395
365 396
364 396
364 395
364 395
364 395
364 396
365 396
364 396
365 397
364 397
365 397
366 398
366 398
365 398
365 399
365 399
365 400
365 400
366 400
366 400
366 401
366 401
365 402
366 402
366 402
366 402
366 402
366 403
366 403
367 403
366 403
366 404
367 404
367 404
366 404
367 405
367 405
367 405
368 406
367 406
367 406
367 406
367 407
367 407
368 407
367 407
367 408
367 408
368 408
367 408
367 408
367 409
368 409
368 409
368 409
368 409
368 409
368 409
368 409
368 410
367 410
367 410
366 410
367 410
367 410
367 411
367 411
367 411
368 411
368 411
367 411
368 411
368 412
369 412
368 412
368 412
368 412
368 412
368 412
368 413
368 413
368 413
368 413
368 413
368 413
367 414
368 414
368 414
368 414
368 415
368 415
369 415
369 415
368 415
369 415
368 416
368 416
368 416
367 416
368 416
368 416
368 416
367 417
368 417
367 417
368 417
367 417
367 418
367 417
368 417
368 417
368 417
368 418
368 418
369 418
368 418
369 419
370 419
370 419
370 419
371 420
371 420
370 420
370 420
370 420
370 420
371 420
371 421
371 421
372 421
371 421
372 422
372 422
372 422
372 423
372 423
373 423
372 423
373 423
373 423
373 424
373 424
373 424
373 424
373 424
374 425
375 425
374 425
374 426
375 426
376 426
375 426
375 426
374 426
374 425
375 425
374 425
375 426
376 426
375 426
375 426
375 426
376 426
375 426
375 426
376 427
375 427
375 427
375 427
375 427
375 428
376 428
375 428
376 429
375 429
375 429
376 429
376 429
376 429
375 429
375 430
375 430
375 430
375 430
376 430
375 430
376 430
375 430
376 430
376 430
376 431
376 431
376 431
376 431
376 431
377 431
376 432
376 432
376 433
376 433
376 433
376 433
376 434
376 434
377 434
376 435
377 435
377 435
377 435
376 436
376 436
376 436
377 436
377 437
377 436
377 437
377 437
377 437
377 437
378 437
378 438
378 438
378 438
378 438
377 438
378 439
378 439
378 439
378 439
378 439
378 439
377 439
378 439
377 440
377 440
377 440
377 440
378 441
377 441
377 441
376 441
376 441
376 441
377 442
377 442
377 442
376 442
377 442
377 442
376 442
378 442
377 442
376 442
376 443
377 443
376 443
375 443
375 443
375 443
375 444
375 444
375 443
375 444
375 444
374 444
375 445
376 445
375 445
375 446
375 446
375 446
376 446
375 447
376 447
376 447
375 447
375 447
375 448
375 448
376 448
376 448
376 448
375 448
376 448
375 448
375 448
376 448
375 448
375 448
376 448
376 448
376 449
376 449
376 449
375 449
376 449
376 450
376 450
375 450
376 450
376 451
375 451
375 451
376 451
375 452
375 452
376 452
375 452
376 453
376 453
376 453
375 453
376 453
376 453
376 454
376 454
376 454
376 454
376 454
377 455
377 455
377 455
376 455
376 455
376 455
376 456
375 456
376 456
376 456
376 456
376 456
376 456
376 456
376 456
376 457
377 457
376 457
376 457
376 457
376 458
376 458
375 458
376 458
376 458
376 458
376 459
376 459
376 459
376 459
376 459
376 459
376 459
375 459
376 459
376 459
376 460
375 460
375 460
375 460
375 460
374 460
375 460
375 460
375 460
374 460
375 460
375 460
376 461
375 461
375 461
377 461
375 461
376 461
376 461
376 461
376 462
376 462
376 462
377 462
376 462
376 462
376 462
376 462
376 463
375 463
375 463
376 462
376 463
377 463
376 464
377 464
377 464
376 464
376 464
376 464
375 464
376 463
375 463
376 463
375 463
374 463
375 463
375 463
375 463
374 463
375 463
375 463
374 463
374 463
374 463
373 463
373 463
374 463
373 463
373 463
373 463
373 463
372 463
373 463
372 463
372 463
371 463
372 463
371 463
371 463
372 463
372 463
372 463
371 463
372 463
371 462
372 462
371 462
371 462
371 462
372 462
370 461
371 462
371 461
370 461
370 461
370 461
370 460
370 460
370 459
370 459
370 459
369 459
369 459
368 459
368 459
368 458
367 458
366 458
366 458
365 457
366 457
366 457
367 457
365 457
365 457
366 457
365 456
366 456
366 456
364 456
365 456
364 456
365 456
365 456
365 455
366 455
364 455
365 455
365 455
365 455
366 454
365 454
364 454
364 454
363 454
364 454
363 453
364 453
364 453
363 453
363 452
364 452
364 452
363 452
363 452
363 451
363 451
363 451
362 451
362 450
363 450
362 450
361 450
362 450
362 450
362 449
363 448
362 448
362 448
362 447
362 447
362 447
362 446
361 446
362 446
361 445
361 445
361 445
362 445
361 444
361 444
361 444
361 444
360 444
359 444
361 443
360 443
360 442
360 442
360 442
359 442
359 442
358 442
358 442
357 442
358 441
358 441
357 441
358 441
358 440
358 440
357 440
357 440
357 439
357 439
357 439
357 438
357 438
357 438
357 438
357 437
358 437
357 437
357 437
357 437
357 437
357 437
357 437
357 437
356 436
356 436
356 436
356 436
357 436
356 436
356 436
356 436
355 436
355 435
355 435
355 435
354 435
354 435
352 434
352 434
352 434
353 434
352 433
351 433
352 433
351 432
352 432
352 432
351 432
350 432
350 431
350 431
350 431
350 431
350 431
349 431
349 431
349 431
348 431
349 431
350 431
348 431
349 431
349 431
349 431
349 431
349 431
349 431
349 431
349 431
349 431
349 431
349 431
349 430
348 430
347 430
346 429
347 429
347 429
347 429
347 428
347 428
348 428
347 428
347 428
347 428
347 428
347 428
347 428
347 428
347 427
345 427
345 427
346 427
345 427
346 426
345 426
345 426
345 426
345 425
345 425
345 425
345 425
345 425
345 425
345 424
344 424
344 424
344 424
344 424
344 424
344 424
345 424
345 424
343 424
343 423
343 423
343 423
342 423
343 423
343 423
343 423
342 423
342 423
342 422
342 422
341 422
341 421
341 421
341 421
341 421
341 421
340 421
340 421
340 421
340 421
341 421
341 421
341 421
341 421
341 421
340 421
340 421
341 420
341 421
341 420
341 421
341 420
340 420
340 420
340 420
340 420
339 420
339 420
339 420
339 420
338 421
338 421
338 421
338 421
338 422
338 422
338 422
337 422
337 422
337 422
336 422
336 422
336 422
336 422
336 422
335 422
336 422
335 422
335 422
336 422
335 422
335 422
334 422
334 422
333 421
333 422
333 422
333 422
333 422
332 421
331 422
332 422
332 422
332 422
332 422
332 422
332 422
333 422
332 423
332 423
331 423
332 423
332 423
331 423
331 423
331 423
332 423
332 423
331 424
331 424
332 424
331 424
331 425
331 425
331 425
332 425
333 425
332 426
332 426
332 426
332 426
331 427
331 427
331 427
331 427
331 428
331 428
331 428
331 428
331 428
331 428
330 428
331 428
330 428
330 429
330 429
329 429
328 430
328 430
329 430
328 430
328 430
327 430
327 430
327 430
327 430
327 430
327 430
327 430
326 430
327 430
327 430
326 430
327 430
327 430
327 431
328 431
327 431
327 431
328 431
328 431
328 432
328 432
327 432
327 432
328 432
328 432
329 432
328 433
328 433
328 433
328 434
328 434
328 434
328 434
328 434
327 434
328 435
328 435
329 435
328 435
329 435
328 435
328 435
328 435
328 435
329 435
330 435
329 436
329 436
328 436
328 436
329 436
328 436
329 436
327 436
328 436
327 436
327 437
327 437
326 437
326 437
326 438
325 438
325 438
325 438
326 438
325 438
327 438
325 438
325 439
324 439
324 439
325 440
324 440
324 440
323 440
321 441
322 441
322 441
321 441
321 441
321 441
321 442
320 442
321 442
321 442
321 442
320 443
321 443
320 443
321 443
321 443
321 444
320 444
321 444
321 444
321 444
321 444
322 444
320 444
321 444
322 444
322 444
322 444
322 445
322 445
323 445
322 445
322 445
323 445
323 445
323 445
322 445
322 445
322 445
324 446
323 446
324 446
324 446
324 446
325 446
323 446
324 446
324 446
326 446
325 447
326 447
325 447
325 448
325 448
325 448
325 448
326 448
326 448
326 448
326 449
325 449
326 450
326 450
326 450
325 450
326 450
325 450
325 450
325 451
325 451
324 451
325 451
324 452
324 452
324 452
324 452
323 452
322 452
323 452
322 452
322 452
322 452
322 453
322 453
321 453
321 454
322 454
321 454
321 454
321 454
321 454
321 454
320 454
321 454
320 454
320 455
319 455
320 455
320 455
320 455
319 455
319 455
319 455
320 455
320 455
320 455
320 455
319 456
320 456
320 456
320 456
320 456
319 456
319 457
320 457
319 457
321 457
319 457
320 457
320 457
321 457
320 458
320 458
320 458
319 458
320 458
320 458
321 458
319 459
320 459
321 459
321 459
321 459
321 459
320 459
320 459
319 459
320 460
319 460
319 460
320 460
320 460
320 460
319 460
320 460
320 461
321 461
319 461
319 461
319 461
320 460
319 460
319 460
320 461
319 461
319 461
320 461
321 461
320 462
320 462
319 462
320 462
320 462
321 462
321 462
321 462
320 462
320 462
321 463
320 463
321 463
320 463
320 463
320 463
321 464
321 464
321 464
320 464
320 464
321 464
321 464
321 465
321 465
320 465
320 465
320 465
321 465
320 465
320 466
321 466
320 466
321 466
321 466
321 466
322 466
321 466
322 466
321 466
322 466
322 466
322 466
321 466
321 466
322 466
321 466
321 466
321 466
321 466
320 466
321 466
320 466
322 467
321 467
321 467
321 467
322 467
321 466
321 466
321 466
321 466
321 466
321 467
320 466
321 466
321 466
320 466
320 466
321 466
321 466
320 466
320 466
319 466
320 466
320 466
321 465
320 465
320 465
320 466
320 466
320 465
320 465
320 465
320 465
320 465
320 465
320 465
320 465
320 465
320 465
319 465
318 465
319 465
318 465
319 465
319 466
318 466
318 465
317 466
318 465
317 465
317 465
317 465
316 465
316 465
316 465
316 465
315 465
316 465
316 465
315 465
316 464
315 464
315 464
314 464
314 465
315 464
315 464
315 464
315 463
315 463
315 463
315 463
314 463
315 463
315 463
315 463
315 463
315 462
315 462
316 462
315 462
316 462
316 462
315 462
316 462
316 461
315 461
315 461
314 461
316 460
315 460
315 460
314 460
315 460
315 459
315 459
314 459
315 459
315 459
315 458
314 458
314 457
313 457
313 456
313 456
314 456
313 456
315 456
314 456
313 456
313 455
313 455
312 454
313 454
312 454
312 454
313 454
313 454
312 453
313 453
312 453
311 453
313 452
313 452
312 452
312 452
312 452
312 452
312 451
312 451
311 451
312 450
311 450
312 450
312 450
312 450
312 450
312 449
311 449
312 449
312 449
312 448
312 448
312 448
311 448
311 448
311 448
312 447
312 447
312 447
312 446
312 446
311 446
311 445
312 445
311 445
311 445
311 444
311 444
310 443
310 443
311 443
310 443
309 443
310 442
309 442
309 442
309 441
310 441
309 441
309 440
310 440
310 440
310 440
310 439
309 439
309 439
309 439
309 439
309 439
309 438
308 438
308 438
310 438
310 438
310 438
310 437
309 437
309 436
310 436
310 436
309 435
309 435
309 435
310 435
308 434
309 434
309 433
309 433
309 433
309 432
309 432
308 432
308 432
309 431
309 431
308 431
309 431
308 430
308 430
308 430
308 429
309 429
308 429
309 429
309 429
308 429
309 429
309 429
310 428
309 428
310 428
310 428
310 428
310 428
310 428
309 427
309 427
309 427
309 426
309 426
309 426
310 426
309 426
309 426
309 425
309 425
308 425
308 424
307 424
308 424
307 424
308 423
308 423
308 423
307 423
307 423
307 422
307 422
307 422
307 421
308 421
307 421
308 421
307 421
307 421
307 421
307 420
306 420
307 420
306 419
306 419
306 419
307 418
306 418
306 418
306 418
306 418
306 418
306 417
305 417
305 417
305 417
306 416
306 416
306 416
305 416
305 416
306 415
304 415
305 415
304 414
304 414
304 413
304 413
304 413
304 413
304 412
304 412
304 412
305 412
304 412
305 412
304 412
305 411
305 411
305 411
305 411
304 411
304 411
305 410
305 410
304 410
304 410
304 410
304 409
304 409
304 409
304 409
304 408
304 408
304 408
304 408
304 408
305 407
305 407
305 407
305 407
306 407
306 406
307 406
307 406
307 406
307 406
308 406
307 405
307 405
307 405
307 404
307 404
306 404
306 404
306 404
305 403
306 403
305 403
304 403
305 403
304 402
303 402
303 402
303 402
302 402
303 402
303 402
302 402
303 401
302 401
302 401
302 400
302 400
302 400
302 400
302 400
302 400
302 400
302 400
302 399
302 399
302 399
301 398
302 398
301 399
301 398
301 398
301 398
302 398
302 398
301 398
301 398
301 397
301 397
300 397
301 397
301 397
300 396
301 396
301 396
299 395
298 395
300 395
299 394
299 394
300 394
300 394
300 394
300 394
301 394
301 394
301 394
301 394
302 394
302 394
302 394
301 394
302 394
301 394
301 394
301 394
301 393
300 393
300 393
300 393
300 393
300 392
300 392
299 392
299 392
298 392
298 392
298 392
299 392
299 391
298 391
299 391
299 391
299 392
298 392
299 392
299 392
300 392
299 392
300 392
300 392
300 391
300 391
300 391
300 391
300 391
299 391
299 391
299 391
298 391
298 391
298 391
298 391
298 391
297 390
297 390
296 390
296 390
297 390
297 389
296 390
297 389
298 389
297 389
297 389
296 389
295 388
295 388
294 387
293 387
291 386
290 386
291 386
290 386
290 386
289 386
289 386
289 385
289 385
287 385
289 385
288 385
288 385
287 385
288 384
288 384
288 384
287 384
287 384
287 384
287 383
287 383
287 382
288 382
287 382
287 382
286 382
286 381
286 381
285 381
285 381
285 381
284 381
285 380
284 380
285 380
284 379
283 379
283 379
283 379
282 378
282 378
282 378
282 378
282 378
282 378
281 378
281 378
281 378
280 378
279 378
279 378
279 378
279 378
279 378
280 378
279 378
277 378
277 378
277 377
277 377
276 377
276 377
276 377
275 377
275 377
274 376
274 376
272 376
272 376
271 375
270 375
268 375
267 374
266 374
265 373
265 373
264 373
265 373
265 373
264 373
264 373
264 373
264 373
264 372
264 373
264 372
263 372
263 373
263 372
263 372
263 372
263 372
262 372
261 372
261 371
261 371
261 371
260 370
258 370
258 370
257 369
257 369
257 369
256 368
257 368
256 367
256 367
256 367
255 367
254 367
253 366
253 366
252 366
252 365
251 365
250 364
247 364
247 364
246 363
245 363
245 363
244 362
244 362
243 361
242 361
242 361
243 361
242 361
242 360
242 360
242 360
242 360
242 360
243 360
242 360
242 360
242 360
242 359
242 359
242 359
243 359
243 359
242 359
241 358
242 358
242 357
241 357
241 357
242 357
242 356
242 356
243 356
242 356
241 356
243 356
243 356
243 356
243 356
243 356
242 356
242 356
243 356
242 356
242 356
241 355
241 355
241 355
240 355
241 355
241 355
241 355
241 355
241 354
241 355
240 355
241 355
241 355
240 355
240 355
240 355
240 355
239 354
239 354
239 354
237 354
237 354
237 354
238 354
237 353
236 353
236 353
235 353
235 352
235 352
235 352
234 352
235 352
235 352
234 352
234 352
235 353
234 353
234 353
233 353
233 352
233 352
233 352
233 352
233 352
232 352
232 352
233 352
234 352
233 352
232 352
232 352
233 352
233 352
233 351
232 352
232 352
231 351
230 351
232 352
231 352
233 351
232 351
233 351
232 351
232 351
233 351
234 351
234 351
234 351
234 351
234 351
235 351
234 351
234 351
235 351
237 351
238 351
239 351
239 351
240 351
240 351
240 351
240 351
240 351
240 351
241 351
242 351
241 351
242 351
242 351
242 351
242 351
243 350
242 350
241 350
242 350
242 350
242 350
242 350
242 350
242 350
242 350
243 350
244 350
243 350
244 350
244 350
245 349
246 349
247 349
247 349
248 349
250 348
251 348
250 348
251 348
252 348
251 348
251 348
251 348
251 348
251 348
250 348
250 348
249 348
249 348
248 348
248 347
245 347
244 348
244 348
244 347
244 347
243 347
242 347
243 347
242 347
243 347
243 347
243 348
243 348
243 348
243 348
243 348
243 349
242 350
242 350
242 350
242 350
241 350
241 350
242 350
241 350
241 350
240 350
240 350
240 350
240 350
240 350
241 350
241 350
241 350
240 350
241 350
241 350
242 350
242 350
242 351
243 350
244 350
244 351
244 351
244 351
244 351
244 351
244 351
243 351
242 350
243 350
243 349
243 349
243 350
243 350
243 350
244 350
244 350
244 350
244 350
245 350
244 350
245 350
246 350
247 350
247 350
247 350
247 349
248 349
248 349
248 349
247 348
248 348
249 348
248 347
249 347
250 347
250 347
250 347
250 346
251 346
252 346
252 346
251 346
252 346
251 345
251 345
252 345
251 344
251 344
250 344
251 344
251 344
252 344
251 344
253 343
253 343
254 343
256 343
256 343
257 342
258 343
259 343
260 343
261 343
263 343
263 343
264 343
265 343
266 343
267 343
269 343
269 343
270 343
271 343
272 343
272 342
273 342
273 342
274 341
273 341
274 341
274 341
276 341
276 341
277 341
277 341
277 341
278 341
278 341
279 341
280 341
279 341
280 341
280 341
280 341
282 341
282 341
282 341
283 340
283 340
283 340
284 341
285 341
285 341
285 341
284 341
285 341
285 341
286 341
286 341
286 341
287 341
287 341
287 341
286 341
286 341
287 341
286 341
286 341
286 340
286 340
285 340
285 340
286 339
287 339
287 339
288 339
287 339
286 339
287 339
287 339
287 339
286 339
285 339
286 339
286 339
286 339
286 339
286 339
286 339
286 339
285 338
285 338
285 338
286 338
285 338
285 338
284 338
284 338
284 338
285 338
285 338
285 338
285 338
284 338
285 338
286 338
286 338
285 338
286 338
287 338
287 338
288 338
287 338
288 338
289 338
288 338
289 337
289 337
289 337
289 337
288 337
288 336
287 336
287 336
286 336
286 336
286 336
286 336
285 336
286 336
285 336
285 336
285 336
286 335
286 335
286 335
285 334
285 334
287 334
287 334
288 334
289 334
290 334
292 334
293 334
292 335
293 335
294 335
295 335
294 335
294 335
294 335
294 334
294 334
295 333
295 333
295 333
295 333
295 334
295 334
295 334
295 334
295 334
295 334
295 334
295 333
296 333
296 333
296 332
296 332
296 332
296 332
296 332
297 332
297 332
297 331
297 331
297 331
298 331
299 331
299 331
299 331
299 331
300 331
301 331
302 331
302 331
302 331
302 331
302 331
302 332
302 332
302 332
302 332
303 332
303 332
303 332
304 332
304 332
305 332
304 332
305 332
306 332
306 332
307 332
306 331
307 331
308 331
308 331
309 331
310 331
312 331
312 331
313 331
313 331
313 331
313 331
313 331
313 332
314 332
314 332
314 332
314 331
315 331
315 331
316 331
316 331
316 331
316 331
316 330
315 330
316 330
316 330
316 330
316 329
317 329
318 329
319 329
320 329
321 329
321 329
321 329
322 328
323 328
324 328
325 327
325 327
325 327
326 328
326 328
326 328
327 327
326 326
326 326
327 326
327 325
327 325
327 325
327 325
326 325
327 324
328 324
328 323
328 323
328 322
328 322
329 321
329 321
329 321
329 320
330 320
330 320
330 320
330 321
330 322
330 321
331 320
331 319
330 319
330 318
331 317
330 317
331 317
331 316
331 316
330 316
330 315
331 315
331 314
332 314
331 313
332 312
332 312
332 312
332 311
331 311
331 311
331 310
331 310
330 310
330 309
329 309
328 309
328 308
327 308
327 307
325 307
324 307
324 306
323 306
322 306
321 307
320 307
319 308
318 308
317 308
316 307
314 306
314 305
313 305
313 305
313 304
312 304
311 303
311 303
311 303
311 302
311 301
310 301
309 301
310 301
310 301
308 302
308 302
308 302
309 301
309 300
309 300
308 300
308 299
307 299
307 299
307 298
308 298
307 297
307 297
305 296
305 296
305 296
305 295
303 295
303 296
302 294
302 293
302 292
301 291
301 290
301 290
300 290
299 290
298 289
299 288
297 287
297 287
296 287
296 286
296 286
295 285
293 285
294 284
293 284
293 283
293 282
293 282
293 282
293 281
293 281
291 280
291 279
291 278
291 277
290 277
290 276
290 275
291 275
290 275
290 275
289 274
289 273
290 273
289 272
289 272
289 271
290 270
290 270
290 269
291 269
291 268
293 267
292 267
292 266
292 265
292 264
292 264
293 262
293 261
292 261
294 260
295 259
297 259
297 259
296 258
296 258
298 257
300 256
298 256
297 256
298 256
298 255
299 254
299 253
299 253
300 252
299 252
300 251
301 250
302 250
302 249
306 249
306 248
307 248
310 248
310 248
311 247
311 247
311 246
310 246
309 245
309 244
310 243
310 242
311 242
311 242
311 242
312 242
312 241
312 240
312 239
311 239
311 238
310 237
310 237
309 237
308 236
307 236
308 235
307 235
307 234
307 234
307 233
308 233
309 231
309 231
309 230
309 230
309 229
309 229
309 229
310 228
310 227
311 226
310 225
310 224
311 223
313 223
313 222
313 222
312 222
313 222
312 221
311 220
311 219
311 217
311 217
312 217
311 216
311 216
312 215
312 215
312 214
311 213
311 212
309 210
309 209
308 208
309 207
309 206
308 206
308 205
308 204
308 204
308 203
306 201
307 200
307 199
307 198
308 198
306 197
307 196
306 196
306 195
307 194
307 194
307 193
306 193
306 192
306 192
306 191
307 191
306 190
306 189
306 189
306 188
305 188
305 187
305 187
305 186
305 185
305 184
304 184
303 183
303 182
303 182
301 181
300 181
300 180
301 180
300 180
300 180
303 179
303 179
305 179
305 179
305 179
305 179
305 179
306 179
308 180
307 180
307 180
307 180
307 180
306 180
306 180
304 180
303 180
302 181
298 181
295 181
296 182
297 182
297 182
296 182
295 182
295 182
294 182
291 181
291 180
290 180
289 179
288 179
288 179
287 179
287 179
286 180
286 180
287 181
287 181
288 181
289 182
290 182
291 182
292 182
293 182
294 182
295 182
297 182
298 182
298 182
300 182
302 182
303 182
303 182
304 182
307 181
311 181
312 181
314 182
316 182
317 183
320 183
323 183
325 183
328 183
332 182
333 181
336 180
338 180
339 179
339 178
342 178
346 179
347 180
349 180
348 182
349 183
349 185
349 187
348 189
347 190
346 189
346 187
344 184
342 181
341 178
345 173
349 172
351 172
354 173
352 177
349 179
347 182
347 183
348 184
349 184
350 184
352 183
351 182
351 181
351 180
350 180
348 179
345 179
344 180
343 180
342 180
341 181
340 181
340 181
340 182
339 181
339 181
340 180
342 179
343 178
344 178
344 179
343 180
343 180
342 182
342 183
342 184
342 185
342 185
342 185
343 185
342 185
343 184
343 184
343 184
344 184
346 184
347 184
347 184
347 184
348 184
349 184
349 183
348 183
348 183
348 183
348 183
346 184
346 184
348 184
349 184
349 184
349 183
350 183
350 183
350 183
350 183
350 183
350 183
351 183
351 183
351 183
349 183
350 183
348 182
347 182
348 182
349 181
350 181
349 181
348 181
347 181
348 180
349 181
349 181
349 182
349 182
348 182
349 180
350 179
351 178
352 177
353 178