306 168
305 168
307 167
308 167
308 167
306 168
306 168
306 168
305 169
302 169
301 170
299 170
300 171
301 171
301 171
299 172
299 172
299 172
298 172
297 172
296 173
295 173
294 174
295 174
295 174
293 174
293 175
294 175
292 175
292 176
292 176
292 176
293 176
294 176
293 176
293 176
292 176
292 176
292 177
292 177
292 177
292 177
293 177
294 178
294 179
294 179
295 179
293 180
292 180
291 180
292 181
293 181
293 181
293 181
293 181
293 181
293 181
293 181
294 181
294 182
294 181
293 181
293 181
293 180
293 180
294 180
294 180
293 180
294 180
293 180
292 180
291 180
290 180
291 180
291 180
290 181
290 181
290 181
291 181
290 181
289 181
289 181
288 181
288 181
287 182
287 182
287 182
287 182
287 183
287 183
287 183
286 183
285 183
284 183
285 184
284 184
284 184
282 184
282 185
281 185
281 185
280 185
280 186
279 186
278 187
277 187
277 187
277 189
278 189
278 189
278 190
279 190
281 190
282 192
282 192
284 193
285 193
285 193
285 194
285 194
286 194
287 194
287 195
287 195
287 195
288 197
288 197
288 198
288 198
287 198
287 199
286 199
287 199
287 199
288 200
286 200
286 200
286 200
286 201
286 201
285 201
285 202
285 203
285 203
287 204
286 204
286 204
285 205
285 205
283 205
282 205
283 205
279 205
279 205
279 206
279 206
278 206
278 207
277 207
277 207
279 208
279 208
278 208
277 208
277 208
277 209
277 209
277 209
278 209
278 210
278 210
278 210
278 211
278 212
280 213
280 213
281 213
281 213
283 213
282 214
283 214
283 214
283 215
283 215
282 216
282 217
282 217
281 218
281 219
281 219
282 220
281 220
280 221
280 221
280 222
281 222
281 223
282 223
282 224
282 224
283 225
282 225
281 226
281 226
282 226
284 226
285 226
285 226
285 226
286 226
287 226
288 226
288 227
290 229
291 229
290 230
291 231
290 231
290 232
290 233
291 233
291 234
290 234
292 234
291 235
292 235
293 235
292 235
293 236
294 237
293 238
292 239
292 239
291 240
290 240
290 241
288 241
284 241
282 242
281 243
281 244
280 244
277 245
275 246
275 247
275 247
275 247
276 247
276 248
275 249
274 250
275 250
277 250
276 251
276 252
276 254
275 254
276 255
276 256
276 257
276 257
276 258
276 258
276 258
275 259
274 259
273 259
271 259
271 259
270 259
270 259
270 260
269 260
269 261
267 261
267 261
267 261
264 262
264 263
265 263
265 263
264 264
265 264
265 265
266 265
265 266
264 266
264 266
265 267
263 268
263 268
264 270
264 270
264 271
264 272
265 272
265 272
266 273
265 274
264 274
264 275
264 275
264 276
264 277
263 277
263 278
263 278
263 279
263 279
262 279
264 280
264 280
264 280
264 281
263 281
264 281
264 282
263 282
263 283
264 283
263 284
263 284
263 284
263 284
260 285
260 285
261 286
262 286
259 286
259 287
260 287
261 287
261 287
261 287
260 288
259 288
260 288
260 288
260 288
260 288
260 288
261 288
261 289
260 289
260 290
260 290
260 290
261 291
261 292
261 292
261 293
260 293
259 294
259 294
260 294
260 294
259 295
259 295
260 295
259 295
259 295
258 296
257 296
256 296
255 297
255 298
255 298
254 299
254 299
254 300
255 300
254 301
253 301
251 302
250 303
249 303
249 304
249 304
247 304
243 305
242 306
242 306
241 307
240 307
238 307
237 308
237 309
237 309
235 310
235 310
238 311
237 312
236 312
235 313
235 313
234 314
233 314
231 314
229 315
229 315
228 315
227 316
227 316
226 316
225 316
225 316
224 317
223 317
221 318
221 318
220 318
220 319
220 319
221 320
220 320
220 321
220 321
221 321
221 321
221 322
221 323
221 323
221 323
222 323
222 323
223 324
223 324
223 325
223 325
224 326
224 326
224 327
225 327
224 328
224 328
224 328
223 329
223 329
223 329
223 330
222 330
223 331
223 331
223 331
223 331
224 331
225 332
225 332
226 333
226 334
227 334
226 334
226 335
226 336
227 336
226 337
227 337
227 337
226 338
227 338
228 338
227 339
226 339
227 339
228 339
226 340
226 340
226 340
226 340
226 340
224 340
224 340
225 341
224 341
225 342
225 342
224 342
224 342
224 342
224 343
225 343
224 343
225 344
225 345
226 345
225 345
224 345
225 346
225 345
223 345
224 346
223 346
223 346
224 347
223 347
224 348
223 348
223 348
222 348
224 349
223 349
222 349
221 350
222 350
222 350
223 350
222 351
223 351
223 351
223 352
222 352
223 352
223 352
222 352
223 352
223 353
223 353
225 353
225 354
224 354
224 354
225 355
226 355
227 356
226 356
226 356
227 357
227 357
226 357
226 358
226 358
227 358
226 358
227 358
227 358
228 359
227 359
228 359
228 360
228 360
228 360
229 361
229 361
228 361
229 361
229 361
230 362
230 362
229 363
229 363
229 363
229 363
228 364
227 364
228 364
228 364
228 364
227 364
229 364
228 365
229 365
228 365
228 365
229 365
229 366
229 366
229 367
230 368
231 368
232 368
233 369
232 369
233 369
234 369
233 370
233 369
234 369
235 370
234 370
234 370
235 370
235 371
236 371
236 371
236 371
237 371
236 372
237 372
238 372
239 372
239 372
240 372
241 373
242 372
242 372
244 372
246 372
245 372
247 372
246 372
246 373
247 373
247 373
246 373
246 372
246 372
246 372
246 372
246 372
246 372
246 372
246 372
245 372
246 372
247 373
246 373
246 373
246 373
246 373
246 373
245 373
247 372
247 372
246 372
246 372
246 372
248 372
247 371
247 371
247 371
247 371
247 371
248 371
248 371
248 371
248 371
248 371
248 370
248 370
247 370
247 370
248 370
248 370
248 370
247 370
248 370
247 370
247 370
247 369
247 369
247 369
247 369
247 369
247 369
246 369
246 369
245 369
246 369
246 369
245 369
245 369
245 369
246 369
246 369
246 369
246 369
246 368
247 368
247 369
247 369
248 369
247 369
248 369
249 369
250 369
250 369
252 369
253 369
253 369
255 369
256 369
257 370
257 369
258 369
258 370
258 369
259 369
259 369
259 369
259 369
261 368
262 368
264 368
263 369
264 369
264 369
265 369
265 369
265 369
266 369
267 369
267 369
266 369
267 369
268 369
268 369
268 369
268 369
269 369
272 368
271 368
271 368
273 368
273 368
274 368
275 368
276 368
276 368
277 368
278 368
278 368
278 368
279 368
280 367
281 367
281 367
282 367
282 367
283 367
281 367
281 366
281 366
280 366
282 366
281 366
280 365
280 365
281 365
281 365
282 365
282 365
284 365
285 365
286 366
285 365
286 365
287 365
288 365
290 365
292 365
294 365
296 365
298 365
300 365
302 365
304 365
306 365
308 366
309 366
310 366
312 365
312 366
313 366
314 365
314 365
313 365
313 365
314 364
314 364
314 364
313 363
314 363
313 363
312 363
313 363
313 363
313 363
314 363
313 362
313 363
312 362
312 362
312 362
311 363
311 363
311 363
311 362
310 362
311 362
311 362
311 362
311 361
312 361
313 361
315 361
315 361
315 362
314 361
315 361
315 361
316 361
315 361
315 361
314 361
316 361
316 361
316 361
316 361
316 361
318 361
318 361
318 360
319 360
319 360
320 360
320 359
319 359
320 359
320 359
321 359
320 359
320 359
320 359
320 359
321 359
321 359
321 358
320 358
320 358
320 358
319 357
319 357
318 357
319 357
319 356
320 356
319 356
320 356
321 356
321 356
322 356
322 356
323 356
323 356
323 356
323 356
324 356
324 356
324 356
324 356
323 356
324 356
324 357
324 356
324 357
324 357
324 357
325 357
325 357
326 357
326 357
327 358
327 358
328 358
329 358
330 358
330 358
331 358
332 357
333 357
334 357
335 357
337 357
340 357
340 357
342 356
342 356
343 355
345 355
346 355
346 355
346 355
347 355
348 355
348 355
350 354
351 354
351 354
352 354
353 354
353 354
354 354
353 354
353 354
351 354
351 354
349 354
348 353
348 354
348 354
348 354
347 354
347 354
347 354
346 354
348 354
348 354
348 355
349 355
349 355
351 355
351 355
351 355
351 356
352 356
352 356
352 356
352 356
353 355
353 355
353 355
354 355
354 354
355 354
356 355
357 355
356 355
357 355
357 355
356 356
357 356
357 356
358 356
358 356
357 356
357 356
357 356
358 356
358 356
358 357
359 357
359 357
359 357
359 356
359 357
360 356
360 356
360 356
360 357
360 357
360 357
360 357
360 356
360 356
360 356
360 356
360 355
359 355
358 355
358 355
358 355
358 355
358 355
358 355
358 355
358 355
359 355
361 356
362 356
362 356
363 356
363 357
362 357
362 357
363 357
363 357
364 357
364 357
364 357
364 357
365 357
366 357
367 357
366 357
366 357
367 357
367 357
366 357
366 356
366 356
366 356
367 357
366 357
366 356
366 357
367 356
367 356
367 356
367 356
368 356
371 357
371 357
373 358
375 358
376 358
377 358
379 358
379 358
381 358
382 357
384 357
384 357
387 357
388 357
391 357
392 357
395 357
395 357
395 357
397 357
397 357
399 357
399 356
399 356
400 356
401 356
402 356
403 356
403 356
404 356
405 356
405 356
405 356
406 356
407 356
408 356
407 356
408 356
408 356
408 356
409 356
410 356
409 356
410 356
410 356
411 356
411 356
413 357
413 357
413 357
413 357
414 357
415 357
416 357
416 357
416 358
416 358
417 358
416 358
416 358
417 358
416 358
416 358
416 358
417 358
417 358
416 359
417 359
417 359
417 359
417 359
416 359
418 360
417 360
418 360
417 360
418 361
418 361
418 361
418 361
417 361
418 361
419 361
419 361
418 361
420 362
420 362
421 362
421 362
421 363
421 362
420 362
419 362
419 362
420 362
421 362
420 362
420 362
420 363
420 363
419 363
421 363
422 363
422 363
421 363
422 363
422 364
424 364
424 364
424 364
424 364
426 364
428 364
429 364
430 364
430 364
431 364
432 364
434 363
436 363
435 363
436 362
437 362
437 362
438 362
439 362
438 362
439 362
438 363
440 363
440 363
440 363
440 363
440 364
441 364
440 364
440 364
441 364
442 364
442 364
441 364
441 364
441 364
442 364
442 365
443 365
443 365
444 365
445 366
445 366
446 366
446 366
445 366
446 367
446 367
445 367
445 367
445 367
445 367
445 368
445 368
445 368
444 369
444 369
443 369
443 369
443 370
442 370
443 370
441 370
441 370
441 371
440 371
438 372
438 372
439 372
437 372
436 373
437 373
437 373
437 373
436 373
435 373
435 373
435 373
435 373
436 373
436 373
436 373
436 374
436 374
436 374
436 374
435 374
436 374
435 374
435 374
435 374
434 374
435 373
433 373
433 373
433 373
434 373
433 373
433 372
433 372
433 372
433 372
432 372
433 371
434 371
432 371
431 371
432 370
432 370
432 370
433 369
432 369
432 369
432 369
433 368
433 368
433 368
432 367
433 367
433 367
433 367
434 366
434 365
435 365
435 365
435 364
435 364
436 363
437 363
436 362
436 362
436 362
438 361
438 361
438 360
437 360
437 359
437 358
438 357
436 357
436 356
437 355
439 354
439 353
439 353
439 352
440 352
441 350
440 349
442 349
442 348
444 347
445 345
445 345
446 344
447 343
448 342
449 341
448 340
448 340
448 339
448 338
448 338
447 337
448 336
449 336
448 335
448 335
449 334
450 334
449 333
449 333
450 332
449 332
450 332
449 331
448 331
448 331
448 331
449 330
449 329
449 328
448 328
448 328
449 327
449 327
450 325
450 325
449 325
449 325
450 324
449 324
450 323
450 323
450 323
450 322
450 321
449 321
450 320
451 319
451 318
451 318
451 317
450 317
451 316
452 315
452 315
453 314
452 313
452 312
452 312
452 312
453 312
453 311
454 311
454 310
455 310
456 309
457 308
458 308
458 307
459 307
459 306
459 305
459 304
459 303
460 302
460 301
460 300
460 299
461 299
461 298
460 298
460 297
460 297
460 297
459 296
460 296
460 295
460 295
460 294
459 294
459 293
459 293
459 292
458 292
458 292
457 292
459 291
457 291
456 290
454 290
453 290
453 289
453 289
454 288
453 287
454 287
454 286
454 286
455 285
455 285
454 284
455 284
454 283
455 283
455 282
454 282
451 281
452 281
451 280
450 279
449 278
448 278
446 277
444 276
445 274
444 274
443 273
441 273
440 272
439 272
440 271
439 270
437 270
436 270
437 269
437 268
437 267
436 267
435 266
434 266
435 265
435 264
435 264
435 263
434 262
435 261
434 260
433 259
431 258
430 258
428 257
428 256
428 256
428 256
425 256
425 255
424 254
425 253
424 253
423 252
423 252
423 251
423 251
423 251
422 250
421 250
421 250
420 250
420 250
419 249
417 249
419 247
418 246
418 245
417 245
416 244
416 242
417 241
418 241
415 241
415 240
414 239
414 239
412 238
411 238
411 237
411 237
410 236
411 236
410 236
409 235
411 234
411 234
409 233
407 233
407 233
408 232
408 232
407 230
407 229
406 228
404 227
404 227
402 226
402 226
402 225
401 225
401 225
400 224
400 224
400 224
398 223
396 223
394 222
394 222
393 221
392 221
392 219
391 219
392 218
393 218
392 218
391 217
390 217
390 216
390 216
389 215
386 214
386 214
383 213
382 213
381 213
380 212
378 212
379 211
379 210
378 210
377 209
375 209
370 207
367 207
366 207
367 206
366 206
364 206
362 206
361 205
360 205
358 205
357 204
356 203
355 203
354 203
352 203
354 202
353 202
352 202
350 201
349 201
349 200
346 200
344 199
344 198
344 197
342 196
340 196
338 195
337 194
334 193
333 193
334 193
333 193
331 193
329 193
327 193
324 193
323 193
320 193
318 193
318 194
319 194
318 193
317 192
316 192
314 191
313 190
313 189
312 189
309 189
307 189
307 188
307 188
306 188
302 187
302 187
301 187
300 186
299 187
297 186
296 186
299 186
298 185
297 185
299 185
298 185
297 184
298 183
299 183
299 183
298 183
298 184
298 185
298 185
298 185
298 185
297 185
298 185
298 184
298 183
299 183
297 183
297 183
298 182
302 182
301 183
302 183
306 183
309 183
311 184
313 183
314 184
314 184
314 184
314 183
314 183
314 183
313 183
313 183
313 182
312 181
309 180
308 179
309 178
309 177
311 176
311 176
312 176
313 175
312 175
315 175
314 174
316 174
315 174
315 174
315 173
315 173
318 173
317 173
317 174
321 175
323 175
325 175
324 175
322 176
320 176
321 176
321 176
322 175
323 176
324 176
323 176
322 177
321 178
319 179
320 178
320 178
319 179
319 179
319 179
320 180
321 181
322 182
323 184
323 185
324 185
324 186
325 187
325 188
325 189
326 190
327 192
328 193
328 194
327 195
328 196
327 197
326 198
326 200
325 200
325 201
325 202
324 203
324 205
324 207
324 208
324 209
323 210
324 212
324 213
323 215
323 216
323 217
319 219
318 220
317 221
318 223
317 225
317 226
316 227
315 228
313 230
311 233
310 235
309 236
307 238
306 239
305 241
304 243
303 245
298 248
297 250
297 251
297 252
295 254
293 256
292 257
291 259
290 261
290 263
290 264
290 266
290 267
290 269
289 270
289 273
290 275
290 277
289 278
286 280
286 281
286 282
287 284
286 285
285 287
285 288
286 290
285 291
286 293
285 294
284 297
283 299
283 300
283 301
282 303
282 304
281 306
282 307
281 311
280 312
280 312
281 314
281 315
281 315
281 316
281 317
281 318
281 318
281 319
280 320
282 321
282 322
281 322
282 323
282 324
281 325
281 325
279 326
279 326
279 326
280 326
282 326
281 327
280 327
280 327
281 328
280 328
279 329
279 329
279 330
280 330
279 330
279 331
279 331
278 331
278 331
280 332
280 332
279 333
278 333
278 334
276 334
276 334
278 334
277 335
278 335
278 335
278 336
279 336
279 336
278 337
278 337
277 337
277 338
276 338
275 339
275 339
275 340
274 340
274 340
273 341
273 342
271 342
270 342
268 343
267 343
267 344
266 344
266 345
266 346
265 347
265 347
264 347
265 348
265 348
264 349
265 349
264 349
263 349
262 350
261 350
261 350
260 351
260 351
259 351
259 351
259 351
259 352
259 352
258 352
259 352
259 352
259 352
258 353
259 353
258 353
259 353
258 353
258 353
259 353
259 354
260 354
259 354
258 354
259 354
258 355
258 355
258 355
258 355
259 356
259 356
258 356
257 356
257 356
258 356
257 357
256 357
257 357
256 358
256 358
256 358
257 358
257 358
257 358
257 358
257 358
257 358
259 358
259 358
258 359
259 359
260 359
259 359
260 358
259 358
259 358
259 359
259 359
258 359
259 359
259 358
259 358
257 358
256 357
257 357
259 357
258 357
257 358
257 358
257 358
257 358
258 358
257 358
258 358
258 358
258 358
258 358
258 359
258 359
258 359
258 360
256 360
258 360
257 360
256 360
256 360
256 359
256 360
256 359
256 360
256 360
256 360
256 360
255 361
256 361
255 361
255 361
255 361
254 362
254 362
254 362
254 362
254 362
253 362
254 361
255 362
255 362
255 362
254 363
254 363
255 363
254 363
254 363
254 363
254 363
255 363
254 364
255 364
254 364
255 364
255 364
255 365
255 365
255 365
256 366
256 366
255 366
256 366
256 367
256 367
255 368
255 368
255 368
256 369
255 369
255 370
255 371
256 371
256 372
256 373
256 373
256 374
257 374
256 375
256 376
257 377
257 378
257 378
257 379
258 379
257 380
257 380
257 381
258 381
258 381
257 382
257 382
257 383
258 383
257 383
257 384
257 385
257 385
258 385
258 386
257 386
257 387
258 387
259 388
259 388
259 389
259 390
259 390
260 391
259 391
262 391
260 392
261 393
261 393
261 394
262 394
263 395
263 396
263 397
264 397
265 398
264 399
265 399
266 399
266 400
265 401
266 401
266 402
267 402
266 403
266 403
267 403
267 404
268 404
267 405
267 405
267 405
267 406
268 406
268 407
269 408
269 408
268 409
269 409
270 410
270 411
270 411
270 411
270 411
270 412
270 412
270 412
271 413
272 413
271 414
271 414
271 415
271 415
271 416
272 416
272 416
272 417
272 417
272 418
273 418
271 418
272 419
272 419
272 420
272 420
272 420
272 420
271 421
272 421
271 421
270 422
271 422
271 423
273 423
272 423
271 424
272 424
272 425
272 425
274 425
274 426
274 427
274 427
274 427
275 427
275 428
275 429
275 429
275 429
276 430
275 430
276 431
275 431
275 431
276 432
276 432
276 433
276 433
277 433
276 434
276 434
277 434
276 435
277 435
278 435
278 436
278 436
277 437
277 437
278 437
279 437
279 438
279 438
278 438
278 438
278 438
279 439
278 439
279 439
279 440
278 440
279 440
279 441
280 441
280 441
281 441
280 442
281 443
281 443
281 444
280 444
281 444
281 445
281 445
281 446
281 446
283 447
283 447
283 447
282 448
283 448
283 448
282 449
282 449
282 450
283 450
283 450
282 451
283 451
283 451
284 452
284 452
285 453
285 453
285 453
286 454
286 454
285 455
287 455
287 455
286 456
286 456
287 457
287 457
287 458
287 458
287 459
287 459
287 460
289 460
289 460
289 460
289 461
289 461
289 461
289 461
288 462
289 462
288 462
289 462
290 463
290 463
290 463
291 463
291 464
290 464
290 464
290 464
290 464
291 465
291 465
290 465
291 465
291 465
292 466
291 466
293 466
292 466
293 466
292 467
293 467
292 467
294 467
293 467
293 467
294 467
293 467
292 467
293 467
293 467
293 467
293 467
294 467
294 468
294 468
294 468
295 468
294 468
294 468
294 468
294 468
294 468
296 468
295 468
295 468
296 468
296 468
296 468
296 468
296 469
297 469
297 468
297 468
298 468
298 468
298 468
297 468
297 469
298 469
299 469
300 468
301 469
301 469
302 469
301 469
301 469
300 469
300 469
300 468
301 468
300 468
299 468
300 468
300 468
300 468
298 468
299 468
299 468
299 467
298 467
299 467
298 467
299 467
299 467
299 467
300 466
299 466
299 466
300 466
301 466
302 466
302 466
302 466
303 466
304 466
304 466
305 467
306 466
306 467
307 466
307 467
308 466
307 467
308 466
308 466
309 466
309 466
310 466
310 466
312 466
313 466
313 466
313 466
313 466
314 466
314 466
316 466
315 466
316 466
315 466
316 466
316 466
316 466
316 466
315 466
316 466
317 466
316 466
318 466
317 466
319 466
319 466
319 466
319 466
320 466
320 466
319 466
320 466
319 466
319 466
320 466
319 466
320 466
320 466
320 465
320 465
320 465
319 465
320 465
320 465
318 465
319 465
320 465
320 465
320 465
319 465
319 465
320 464
320 465
320 465
321 465
322 465
323 464
322 464
324 464
324 464
326 464
326 464
327 464
327 464
327 463
328 463
329 463
328 463
329 463
329 462
330 462
329 462
329 462
329 462
330 462
330 462
330 462
331 463
331 463
331 463
331 463
333 463
332 463
333 462
333 462
333 462
334 462
335 462
336 462
336 462
335 462
336 463
336 463
336 463
337 463
337 463
339 462
339 463
339 463
338 463
339 463
340 463
339 463
340 463
340 463
340 462
339 463
340 463
341 463
341 463
341 463
340 463
340 463
341 463
341 463
342 462
342 462
344 462
345 462
344 462
344 462
344 462
345 462
345 462
346 462
347 462
346 462
346 462
347 462
347 462
346 462
346 463
347 463
348 463
347 463
347 463
346 463
347 463
347 463
347 463
347 463
347 463
347 463
348 463
347 463
347 463
348 463
348 463
347 463
348 463
348 463
348 463
348 463
348 463
348 463
349 463
348 463
348 463
347 463
348 463
348 463
348 463
348 463
348 463
349 463
349 463
349 463
349 463
349 463
349 463
349 463
350 463
349 464
349 464
349 464
349 464
350 464
350 464
350 464
350 463
351 463
351 463
352 463
351 463
351 463
351 463
352 463
352 463
352 463
354 463
354 463
355 463
355 463
355 463
356 463
357 463
357 463
358 463
359 464
359 464
360 464
359 464
360 464
360 464
361 464
362 464
362 464
363 464
363 464
363 464
364 464
364 464
364 464
364 464
365 464
364 464
364 464
364 464
364 464
365 464
365 464
366 464
365 465
367 465
366 465
366 465
367 465
367 465
366 465
367 465
366 465
367 465
367 465
367 465
367 465
368 465
368 466
368 466
369 466
369 466
370 466
370 466
370 466
370 466
371 466
371 466
372 466
372 466
372 466
372 466
372 466
373 466
373 466
372 466
373 466
373 466
374 466
373 466
375 466
374 466
374 466
374 466
375 466
376 466
375 466
376 466
376 466
375 466
376 466
377 466
377 466
377 466
377 466
377 466
377 466
378 466
378 466
378 466
378 466
378 466
379 467
380 467
380 467
380 467
379 467
381 467
381 467
380 467
381 467
381 467
381 467
381 466
383 466
383 466
384 466
383 467
384 467
384 466
386 467
387 467
387 467
388 467
388 467
388 467
388 467
389 467
388 467
390 467
390 467
390 467
391 467
392 467
391 467
391 467
391 467
392 467
392 467
392 467
392 468
392 468
392 468
392 468
392 468
393 468
392 468
393 468
393 468
392 468
393 468
394 468
394 468
394 468
394 468
394 468
395 468
395 468
394 468
394 468
395 467
395 467
395 467
395 467
395 467
395 467
395 467
396 467
396 467
396 467
396 467
396 467
395 467
396 467
395 467
395 467
394 467
394 467
394 467
393 467
393 467
394 467
393 467
392 467
393 467
393 467
392 467
391 466
392 466
392 466
392 466
391 466
391 466
390 466
390 465
389 465
389 465
389 465
388 465
389 465
389 465
389 465
389 464
388 464
388 464
389 464
388 463
388 463
388 463
388 463
388 463
389 463
388 462
388 462
388 462
388 462
387 462
388 461
388 461
388 461
388 461
388 461
388 460
389 460
388 460
389 460
389 460
388 459
388 459
389 459
388 459
389 458
388 458
388 458
389 458
389 457
389 457
389 457
389 457
389 457
389 456
389 456
388 455
388 455
389 454
389 454
390 454
389 453
389 453
389 453
389 453
389 453
389 453
389 452
388 452
389 452
389 452
389 452
389 452
389 451
389 451
389 451
390 450
390 450
390 450
390 449
390 449
391 449
391 449
391 448
391 448
392 448
391 448
390 447
391 447
390 447
391 447
391 446
391 446
392 445
391 445
391 444
391 444
391 444
391 443
391 442
391 442
390 441
391 441
391 440
391 440
392 440
392 439
391 439
392 438
392 438
392 437
392 437
391 436
391 436
391 436
392 435
392 435
392 435
392 434
392 434
391 433
393 433
392 433
392 432
392 432
392 432
393 431
393 431
394 431
393 430
393 430
395 429
394 429
394 429
394 428
394 428
395 428
396 427
396 427
396 427
396 427
396 426
397 426
396 425
397 425
397 425
397 424
397 424
397 423
398 423
397 423
397 422
397 422
396 421
396 421
397 421
397 420
397 420
397 420
397 419
396 419
397 419
397 418
397 418
397 418
397 417
397 417
397 416
397 416
397 415
397 415
397 414
397 414
398 414
398 413
396 413
396 413
396 412
397 412
397 412
396 411
397 410
398 410
398 409
398 409
397 409
397 408
399 407
399 407
399 407
399 407
399 407
398 407
399 406
398 406
399 405
399 405
399 404
398 404
398 404
399 404
398 403
399 403
399 402
397 402
398 402
398 402
398 402
397 401
398 400
399 400
399 400
398 399
398 399
399 399
399 399
398 399
398 398
398 398
398 398
398 398
397 397
398 397
398 397
397 397
398 396
398 396
398 396
398 395
398 395
397 395
398 394
397 394
397 393
398 393
398 392
396 392
396 392
396 391
396 391
397 390
397 390
397 390
397 389
397 389
397 388
397 388
397 388
397 387
397 387
397 387
396 387
396 386
397 386
397 386
397 385
397 385
397 385
398 385
398 384
398 384
397 384
399 384
399 384
398 383
397 382
398 382
397 382
397 381
397 381
398 380
397 380
396 380
396 380
398 379
397 379
397 379
398 378
398 378
398 377
398 377
398 377
398 376
398 376
398 375
399 375
398 375
399 375
399 374
400 374
400 373
400 373
400 373
400 373
400 372
400 372
400 372
401 371
401 371
402 371
401 371
402 371
401 371
402 370
403 370
403 370
403 370
404 370
403 369
403 369
404 369
404 369
405 369
405 369
405 369
405 369
405 369
406 368
405 368
405 368
405 368
405 367
405 367
405 367
405 367
405 366
406 366
407 366
406 365
407 365
406 365
407 364
407 364
408 364
407 364
407 364
407 364
406 364
406 364
407 364
406 364
406 364
406 364
406 365
406 365
406 365
407 365
406 365
407 365
407 365
406 365
406 365
406 365
405 365
405 365
407 366
407 366
407 366
407 366
407 366
407 366
406 366
406 366
407 366
407 366
407 366
408 365
408 365
408 365
408 365
409 365
408 365
409 365
410 365
410 365
410 364
411 364
411 365
411 365
411 364
412 365
412 365
412 365
412 365
412 365
412 365
412 365
412 365
412 365
411 365
412 365
411 365
412 365
412 365
412 365
412 364
412 364
412 364
413 364
414 364
414 364
414 363
413 363
414 363
415 363
414 363
416 363
416 363
416 362
415 362
415 362
415 361
415 361
414 361
414 361
413 361
414 361
413 361
413 360
414 360
414 360
414 360
413 360
413 360
414 360
414 361
415 361
416 361
416 360
417 360
416 361
417 361
418 360
418 360
419 360
420 361
419 361
420 361
419 361
420 361
420 361
420 362
420 361
421 362
420 362
420 362
419 362
419 362
420 363
420 363
419 363
419 364
419 364
420 365
420 366
419 366
419 367
419 367
419 368
420 369
419 369
419 369
419 370
419 371
418 371
417 372
418 373
417 373
416 375
415 375
414 376
414 377
413 378
412 379
411 380
409 380
408 381
407 382
405 382
404 383
403 384
403 385
401 385
400 386
399 387
399 387
399 388
399 389
397 389
395 391
394 391
393 391
395 392
393 393
393 393
392 394
391 395
391 395
390 396
389 397
388 397
387 398
386 398
385 399
384 400
383 400
382 401
381 402
381 402
381 402
382 403
380 403
379 404
377 405
375 405
374 406
373 406
372 407
371 407
371 408
369 408
370 408
368 409
368 410
368 411
367 411
367 411
367 412
366 412
366 413
365 413
365 414
364 414
363 414
362 415
362 415
362 415
361 415
362 415
360 416
357 416
356 416
355 416
355 416
354 416
354 416
352 416
351 416
350 416
349 416
348 416
348 416
347 416
346 416
346 415
346 415
345 415
345 415
344 414
344 414
343 414
342 413
343 413
342 413
341 412
341 412
339 412
337 411
338 411
337 411
337 410
337 410
337 410
336 409
336 409
335 409
336 408
336 408
337 408
335 408
335 407
336 407
334 407
334 407
333 406
333 406
332 405
332 405
331 405
330 404
330 404
330 404
330 404
329 403
329 404
329 404
330 403
329 403
328 403
328 403
328 402
328 402
328 402
328 402
328 401
328 401
328 401
328 401
327 400
326 400
326 400
326 400
327 400
327 399
328 399
328 399
327 399
327 399
327 399
327 399
327 399
327 399
326 398
326 398
325 398
325 398
323 398
324 398
322 398
322 398
320 398
319 398
319 398
317 398
316 398
316 397
315 397
313 397
312 397
311 397
311 397
309 396
307 396
305 396
304 396
301 396
301 396
301 395
301 395
298 394
298 393
297 393
298 392
297 392
295 392
295 392
295 391
295 391
293 391
292 391
292 390
291 390
291 390
291 389
292 389
292 389
291 389
291 389
291 388
291 388
291 388
291 388
291 388
292 388
291 387
291 387
291 387
292 387
291 387
291 386
290 386
290 386
289 386
289 385
290 385
290 385
288 385
288 385
287 384
287 384
287 384
285 384
284 384
282 384
282 384
281 384
280 384
280 385
279 384
279 384
277 384
278 384
277 384
277 384
276 384
276 384
276 383
276 383
275 383
276 383
276 383
275 383
274 382
273 383
272 383
272 383
272 383
271 383
272 382
271 382
272 382
272 382
272 382
272 382
272 382
272 382
272 382
272 382
273 381
272 382
272 382
273 382
273 382
274 382
273 382
273 382
273 382
273 381
273 381
273 381
272 381
272 381
272 381
273 381
273 380
272 380
273 380
274 380
273 380
272 379
272 379
273 379
272 379
272 379
273 379
272 379
271 379
273 379
272 379
272 379
273 379
273 379
272 379
272 379
272 379
273 379
273 379
273 379
273 379
273 379
274 379
274 379
274 379
274 379
274 379
274 379
274 379
274 379
274 379
274 379
274 378
273 378
275 378
273 378
275 378
272 377
272 378
272 377
272 377
273 377
273 377
272 377
273 377
273 377
273 377
273 377
273 377
272 377
273 377
273 377
272 377
272 377
272 377
272 377
272 377
273 377
273 377
272 378
272 378
273 378
273 378
272 378
271 378
272 378
272 378
273 378
272 378
273 378
272 378
272 378
271 378
271 378
271 378
271 378
270 378
270 379
271 379
271 379
271 379
270 379
270 379
270 379
271 379
271 379
271 379
270 380
270 380
271 380
271 380
274 381
272 381
273 381
273 381
274 381
274 381
274 381
273 381
271 380
273 380
273 381
274 381
274 382
275 382
275 383
276 383
275 383
276 383
276 383
275 384
275 384
276 384
276 385
276 385
276 385
275 386
276 386
276 386
277 386
276 387
277 387
276 387
276 387
276 388
276 388
276 388
276 389
276 389
277 389
276 390
277 389
278 390
278 391
278 392
278 392
278 392
279 393
279 393
278 393
279 393
279 393
279 394
279 393
278 394
278 394
277 394
277 394
278 394
277 394
277 394
276 394
277 395
276 395
275 395
275 396
276 396
276 396
277 396
276 397
277 397
276 397
275 397
276 398
278 398
277 398
277 399
277 399
277 399
277 399
278 400
278 400
277 400
278 401
278 401
278 402
278 402
278 403
279 403
277 404
278 404
278 404
277 405
277 405
278 406
278 406
278 407
277 407
278 407
278 408
277 408
278 408
278 409
278 409
278 410
278 410
278 411
278 411
279 411
279 412
279 412
279 412
279 413
279 413
279 413
280 413
279 413
280 413
280 414
280 414
280 414
281 415
280 415
281 415
281 415
281 416
281 416
281 416
282 416
282 417
282 417
282 417
281 417
282 417
282 418
283 418
282 419
283 419
283 419
283 420
284 420
284 420
283 421
284 421
283 421
283 422
284 422
284 422
284 422
285 423
284 423
285 423
285 424
285 424
285 424
285 425
286 425
285 426
286 426
285 426
285 426
286 426
286 427
285 427
286 427
286 427
286 427
285 427
286 427
285 427
285 428
285 428
286 428
287 428
287 428
287 428
286 428
286 428
286 428
286 428
287 428
286 428
287 428
287 429
288 429
288 429
288 429
288 429
288 429
288 429
288 429
288 429
289 429
289 429
289 429
289 429
288 429
289 429
290 428
288 429
289 429
289 429
289 429
290 429
289 429
289 429
290 429
289 429
290 429
290 429
290 428
290 429
290 429
290 429
291 428
291 429
291 428
291 428
290 428
291 428
291 428
292 428
291 428
291 428
291 428
292 427
291 427
292 427
291 427
291 427
291 427
291 427
291 427
291 426
291 426
290 426
290 426
290 426
289 426
290 426
290 426
290 425
289 425
289 425
290 425
290 425
291 425
291 425
291 425
290 425
291 425
291 425
292 425
292 425
292 424
291 425
292 424
293 425
293 424
293 424
293 424
294 424
294 424
295 424
294 424
294 424
295 424
295 424
295 424
294 424
295 424
295 424
295 424
294 424
295 424
295 424
295 424
295 424
296 424
295 424
295 424
295 424
295 424
297 424
297 425
299 425
299 425
301 425
301 425
302 425
303 425
302 425
304 424
307 425
308 426
309 426
310 426
311 425
312 425
314 426
313 426
314 426
314 426
315 426
316 426
316 425
318 425
319 425
320 425
320 425
321 425
323 425
323 425
324 424
325 424
326 424
326 424
326 424
327 425
328 425
328 425
329 425
330 425
329 424
330 424
331 424
332 424
331 424
333 424
334 424
333 424
334 424
334 424
335 424
335 424
336 424
336 424
336 424
337 424
338 424
338 424
337 424
338 424
339 424
340 423
342 423
342 423
343 423
344 424
344 424
345 424
345 424
346 424
346 424
346 423
347 423
348 423
348 423
349 423
349 423
350 423
350 422
351 422
351 422
352 422
352 422
352 422
352 422
352 422
352 422
352 421
353 421
354 421
354 420
355 420
353 420
354 420
354 419
354 419
354 418
354 418
355 418
354 417
354 416
355 416
356 415
356 415
356 415
356 415
357 414
357 413
358 413
359 413
358 413
358 412
359 412
360 411
360 410
360 410
360 409
360 409
360 409
360 409
360 408
360 408
360 407
361 407
361 407
360 407
362 406
362 406
362 406
363 405
363 405
364 404
364 404
363 404
364 403
365 403
366 403
365 403
366 402
365 402
366 402
366 401
367 401
366 401
368 400
367 400
368 400
368 399
368 399
368 399
368 399
368 398
368 398
367 398
368 397
368 397
368 397
366 397
366 396
365 396
365 396
365 395
365 395
364 395
364 394
364 394
364 393
363 393
363 393
363 392
363 392
363 391
363 391
363 391
363 390
363 390
363 390
364 389
363 389
363 388
363 388
362 388
362 387
362 387
362 386
363 386
362 386
361 386
361 385
361 384
360 384
361 384
360 384
360 383
360 383
360 383
360 383
359 382
359 382
358 382
359 382
358 382
359 382
360 382
359 382
360 382
359 382
358 382
358 382
359 381
358 381
357 380
357 380
358 380
357 380
357 380
356 379
356 379
356 378
356 378
356 378
356 377
356 377
356 377
357 377
356 377
355 376
355 376
355 376
355 376
354 375
354 375
353 375
352 375
351 375
352 375
350 375
349 375
348 375
348 375
347 375
346 375
345 376
345 376
346 376
344 376
344 377
343 377
343 377
342 377
341 377
341 377
341 377
340 377
340 378
339 377
338 377
338 377
338 377
337 377
336 377
336 377
336 376
335 376
335 376
334 376
333 376
332 376
331 376
331 376
331 376
330 376
329 376
328 376
327 376
326 376
326 376
325 376
325 376
323 375
325 375
324 375
324 375
323 375
323 375
323 375
322 376
321 376
320 376
320 376
319 376
318 376
318 376
318 376
318 376
318 376
318 376
318 376
319 377
318 377
318 377
318 376
317 376
317 376
317 376
316 376
315 376
314 376
313 376
312 376
311 376
312 376
311 376
309 376
308 376
307 376
307 376
307 376
306 376
306 376
306 376
306 376
307 377
307 377
306 377
305 377
305 377
305 377
305 377
305 377
304 377
304 377
305 377
305 377
304 377
304 378
304 377
305 377
306 378
306 378
306 378
306 378
306 378
305 378
306 378
306 378
307 378
307 379
306 379
305 379
304 379
304 379
304 379
303 379
303 380
303 379
302 380
303 380
302 380
303 380
302 380
302 379
301 379
301 379
300 379
299 379
298 379
297 379
297 379
296 379
296 380
295 380
294 380
294 380
296 380
292 379
292 379
291 379
291 379
291 379
292 379
291 379
291 379
290 379
290 379
290 380
290 380
289 380
289 380
290 380
290 380
290 380
288 380
288 380
288 380
287 381
286 381
285 381
285 381
283 381
283 382
282 382
283 382
281 382
282 382
282 382
282 382
282 382
281 381
280 381
281 381
281 381
280 382
281 382
281 382
281 381
281 381
282 381
281 381
281 381
281 381
281 382
280 382
281 382
281 382
280 382
279 382
279 382
279 382
279 382
279 382
280 383
280 383
281 383
280 383
280 383
280 383
280 383
281 384
280 384
280 384
280 384
280 384
280 384
280 384
279 383
278 383
278 383
278 383
277 383
277 383
278 383
278 383
278 382
277 382
278 382
277 382
277 382
278 382
278 382
278 382
277 382
277 382
278 382
277 382
276 382
276 382
276 381
275 381
275 381
276 381
276 381
275 380
277 380
277 381
277 381
277 381
277 380
279 380
279 380
278 379
278 379
278 379
279 379
279 379
278 378
278 378
278 379
280 378
280 378
280 377
280 377
280 376
281 377
280 377
279 377
280 377
280 378
281 378
280 378
280 379
280 379
279 379
280 379
280 379
282 380
281 381
281 381
282 382
284 383
285 384
285 385
285 386
286 387
287 387
288 388
290 389
290 390
292 391
292 392
292 393
294 394
295 394
297 395
297 396
298 396
298 396
300 397
301 397
303 398
307 400
308 401
309 401
310 402
311 402
312 403
314 403
316 404
317 405
318 406
318 407
319 407
321 408
322 409
322 410
323 411
323 412
325 413
326 414
327 414
327 415
327 416
329 417
330 418
329 418
330 419
331 420
332 420
331 421
331 423
333 424
333 425
333 426
334 427
335 428
335 429
335 429
336 430
337 430
337 431
339 432
339 433
338 433
338 434
339 435
339 435
339 436
338 436
340 437
340 439
341 439
343 440
343 440
343 441
344 441
345 441
345 442
346 442
344 442
345 443
345 443
345 443
345 443
344 443
345 443
345 443
345 443
345 443
345 443
346 443
347 444
348 444
348 443
349 443
349 444
348 443
349 443
348 443
347 443
348 443
348 444
347 444
347 444
347 444
347 444
347 444
347 444
347 445
347 445
347 445
346 445
347 445
347 445
348 446
348 446
349 446
348 446
348 447
349 447
349 447
348 447
349 447
349 448
348 448
348 448
349 448
348 449
348 449
348 449
347 449
348 450
348 450
348 450
348 450
347 451
347 451
347 451
348 452
347 452
348 452
347 452
348 452
347 452
348 452
348 452
347 452
347 453
347 453
348 453
348 453
348 453
348 453
348 453
348 453
348 453
347 453
348 453
347 453
348 454
348 454
346 453
347 453
347 453
346 453
346 453
347 453
345 453
345 453
345 453
345 453
345 453
345 453
344 453
344 453
344 453
344 453
344 454
345 453
343 454
344 454
344 454
343 453
343 453
343 453
344 454
343 454
344 454
343 454
343 454
343 454
343 454
343 454
343 454
343 454
344 454
342 454
342 454
342 454
343 454
342 454
342 454
341 454
342 454
342 454
341 454
340 453
341 454
341 454
342 454
341 454
340 454
341 453
340 453
340 453
340 453
339 454
339 454
340 454
341 454
340 454
339 454
340 454
340 454
340 454
340 454
339 454
338 454
338 455
338 455
338 455
338 455
338 455
338 455
337 455
337 455
338 455
337 455
336 455
336 455
337 455
336 455
336 455
336 455
336 455
336 455
336 455
336 455
337 455
337 455
338 455
337 455
337 455
338 455
338 455
337 455
336 455
337 455
337 455
336 455
337 455
336 454
337 454
336 454
336 454
337 454
335 454
335 454
335 454
336 453
334 453
335 453
336 453
335 453
336 453
336 453
335 452
335 452
336 452
336 452
336 452
335 452
335 452
335 452
336 452
336 452
336 452
336 452
336 451
336 451
335 451
335 451
335 451
336 451
336 451
336 451
336 450
336 450
335 449
336 449
336 449
336 449
336 449
335 449
337 448
336 448
337 448
336 448
337 447
338 447
336 447
336 447
336 446
337 446
337 446
337 446
337 446
337 446
338 445
338 446
338 446
339 445
340 445
339 444
339 444
339 444
339 444
340 443
340 443
340 443
339 442
340 442
340 442
339 442
340 441
339 440
339 440
339 440
340 440
339 439
339 439
340 438
340 438
340 438
340 437
341 436
340 436
341 436
341 436
341 436
342 435
342 435
342 435
341 435
341 434
341 434
342 433
343 433
343 433
342 432
343 432
342 431
341 431
342 430
342 430
341 429
341 429
341 428
341 428
342 427
341 427
340 427
340 427
340 426
341 426
342 425
342 425
343 424
342 424
342 423
342 423
343 422
342 422
343 421
343 420
343 420
342 420
341 419
342 419
342 418
342 418
341 417
341 417
340 417
341 416
341 416
342 415
341 415
341 415
341 415
342 414
341 414
342 413
342 413
341 413
342 412
342 412
342 412
343 412
342 411
342 411
342 410
342 410
341 410
341 410
342 408
341 408
342 408
341 407
341 407
343 407
343 406
344 406
344 406
344 405
345 405
345 404
345 404
347 404
349 404
348 404
348 403
349 403
348 403
348 402
348 402
348 401
348 401
348 400
349 400
349 399
348 399
348 398
349 398
348 397
349 396
349 395
350 395
350 395
349 394
350 394
350 393
350 393
349 392
348 391
348 391
347 390
348 390
347 390
347 390
347 389
347 389
347 388
348 388
348 387
348 387
347 387
349 386
349 386
348 386
348 386
349 386
349 385
349 385
349 385
349 385
349 385
350 385
350 384
351 384
351 384
350 384
351 383
350 383
350 383
350 383
350 382
351 382
351 382
351 382
351 381
352 381
352 381
353 381
354 380
354 380
354 380
354 379
355 379
355 378
356 378
355 377
355 377
355 377
356 376
356 376
355 375
356 375
355 374
355 373
355 373
354 373
354 373
354 373
354 373
355 373
354 373
354 373
354 373
355 372
355 372
355 372
356 372
356 373
357 373
357 373
357 374
357 374
357 374
357 374
358 375
358 375
359 374
359 374
359 374
359 374
359 374
359 374
360 375
360 375
359 375
359 375
360 376
360 376
360 376
360 376
359 376
360 376
360 376
361 376
360 375
360 375
359 375
359 375
359 375
360 375
359 374
359 374
359 374
359 374
359 374
359 374
359 374
359 374
361 375
361 375
361 375
362 375
361 375
362 375
362 375
362 375
363 375
363 375
364 376
365 376
365 376
366 377
366 377
366 378
367 378
367 378
367 378
368 378
368 378
370 378
370 378
371 378
371 378
371 378
371 378
372 378
372 378
372 378
374 378
374 378
375 377
375 377
376 377
376 377
376 377
376 377
378 377
378 377
378 377
379 378
379 378
380 378
380 378
380 378
380 378
381 378
381 378
382 378
383 378
384 379
384 379
385 379
386 380
385 380
386 380
387 380
386 380
386 380
386 380
387 380
386 380
386 380
386 380
386 380
386 380
386 380
387 380
388 379
387 379
388 379
387 379
388 379
388 379
388 379
387 379
387 379
387 379
387 379
387 380
387 380
387 380
387 380
386 380
387 381
388 381
389 381
387 381
387 381
387 381
387 381
387 381
386 381
386 381
386 382
385 382
385 382
384 382
385 382
386 382
386 383
386 383
386 383
386 383
385 384
385 384
385 384
386 384
386 384
385 384
386 384
386 384
386 385
385 385
386 385
385 385
386 385
386 386
386 386
385 386
385 386
385 387
385 387
385 387
385 388
384 388
385 388
384 388
385 389
384 389
385 390
385 390
385 390
386 390
386 391
385 391
385 392
385 392
385 392
385 393
384 393
385 394
385 395
385 395
385 395
386 396
386 396
387 396
386 397
387 397
387 397
388 398
388 398
389 398
389 399
388 399
390 399
390 400
390 400
390 401
389 401
391 401
390 401
392 401
391 402
392 402
391 403
391 404
391 403
391 404
391 404
391 405
391 405
391 406
392 406
392 407
391 407
391 408
391 408
392 409
392 410
391 410
392 411
391 411
392 412
392 412
392 413
392 414
391 414
391 415
392 415
392 415
393 416
392 417
392 417
393 418
392 418
392 419
392 419
391 420
391 420
392 420
392 421
391 421
390 422
391 423
391 423
392 423
391 424
391 424
392 425
391 425
391 425
390 426
389 426
390 427
390 427
390 427
390 427
391 428
390 428
389 429
390 429
390 429
389 429
389 430
390 430
389 430
390 430
391 431
389 431
389 432
389 432
389 432
388 432
389 433
388 434
389 434
388 434
388 435
390 435
390 435
388 436
388 436
388 436
388 436
387 437
387 437
387 437
387 438
386 438
387 438
387 438
387 438
386 439
386 439
385 439
387 440
386 440
386 440
387 441
387 441
386 442
386 441
386 441
387 442
386 442
387 443
386 444
387 444
386 444
386 445
387 445
387 445
387 445
386 445
387 446
387 446
387 447
387 447
387 447
387 447
387 448
387 448
387 449
387 449
387 449
386 449
388 449
387 450
387 450
388 450
387 450
389 450
387 451
388 451
389 452
388 452
388 453
388 453
388 453
389 453
388 454
388 454
388 454
389 454
388 454
388 455
387 456
388 456
388 456
388 457
388 457
389 457
389 458
388 458
388 458
388 458
388 459
388 459
388 460
388 460
388 460
387 460
389 460
388 460
389 460
389 461
388 461
388 461
388 461
387 461
388 461
388 461
388 462
387 463
387 463
386 462
388 462
388 462
387 463
388 463
388 463
388 463
388 463
388 463
389 463
388 463
388 463
388 464
387 464
388 464
387 464
388 464
388 464
389 464
387 465
388 465
388 465
388 465
388 465
388 465
387 464
388 464
388 465
387 465
388 466
388 466
389 466
388 466
388 466
387 465
388 465
386 465
387 465
386 465
386 465
387 465
387 465
386 466
387 465
386 465
386 465
386 465
387 465
387 465
387 465
387 465
387 465
388 465
388 465
388 465
388 465
389 465
388 465
389 465
388 465
388 465
388 465
388 465
388 465
388 465
388 465
388 465
388 465
388 465
388 465
389 465
389 465
390 465
389 464
388 464
389 464
389 464
389 464
389 464