360 173
360 173
360 173
360 173
360 173
360 173
360 173
360 173
360 173
359 173
359 173
359 173
359 173
359 173
359 173
359 173
359 174
359 174
359 174
359 174
359 174
359 174
359 174
358 174
358 175
358 175
358 175
358 175
358 175
358 175
358 175
358 176
358 176
358 176
358 176
358 176
358 176
358 177
358 177
358 177
357 177
357 177
357 177
357 177
357 178
357 178
357 178
357 178
357 178
357 178
356 179
356 179
356 179
356 179
356 179
356 179
356 180
356 180
356 180
355 180
355 180
355 180
355 180
355 181
355 181
355 181
355 181
355 181
355 181
354 181
354 181
354 181
354 181
354 181
354 181
354 181
353 181
353 181
353 181
353 181
353 181
353 181
352 181
352 182
352 182
352 182
352 182
352 182
352 182
351 182
351 182
351 182
351 182
351 182
351 182
351 182
350 182
350 183
350 183
350 183
349 183
349 183
349 183
349 183
348 183
348 183
348 183
347 184
347 184
347 184
347 184
346 184
346 184
346 185
346 185
345 185
345 185
345 186
345 186
344 186
344 186
344 186
343 187
343 187
343 187
343 187
342 188
342 188
342 188
341 188
341 189
341 189
341 189
340 190
340 190
340 190
340 190
339 191
339 191
339 191
339 191
339 192
338 192
338 192
338 192
338 193
337 193
337 193
337 193
336 194
336 194
336 194
335 195
335 195
335 195
335 195
334 196
334 196
334 196
334 196
334 196
334 197
334 197
333 197
333 197
333 198
333 198
333 198
333 198
333 199
332 199
332 199
332 199
332 200
332 200
332 200
332 200
331 200
331 201
331 201
331 201
330 201
330 202
329 202
329 202
329 202
328 203
328 203
327 203
327 203
327 204
326 204
326 204
325 204
325 205
325 205
324 205
324 206
323 206
323 206
323 207
322 207
322 207
321 208
321 208
320 208
320 209
319 209
318 209
318 209
317 210
317 210
316 210
316 210
315 210
315 211
314 211
313 211
313 211
312 212
312 212
312 212
311 213
311 213
310 213
310 214
309 214
309 214
308 215
307 215
307 215
306 215
306 216
305 216
305 216
304 217
303 217
303 217
302 218
302 218
301 218
301 219
300 219
300 220
300 220
299 221
299 221
299 221
299 222
298 222
298 223
298 223
298 224
297 224
297 225
296 225
296 225
296 226
295 226
295 227
294 228
294 228
294 229
293 229
293 230
292 230
292 231
291 231
291 232
291 232
290 232
290 233
289 233
289 234
288 234
288 234
288 235
287 235
287 235
286 236
286 236
285 236
285 237
284 237
284 237
283 238
283 238
282 238
282 239
281 239
280 239
280 239
279 240
279 240
278 240
278 241
277 241
276 242
276 242
275 242
275 243
274 243
274 244
273 244
273 244
272 245
272 245
271 246
271 246
270 247
270 247
269 248
269 248
268 248
268 249
267 249
267 249
266 250
266 250
265 251
265 251
264 251
264 252
263 252
263 253
263 253
262 253
262 254
261 254
261 254
260 255
260 255
260 255
259 256
259 256
259 256
258 257
258 257
258 257
257 258
257 258
256 258
256 258
256 259
255 259
255 259
255 259
254 260
254 260
253 260
253 260
253 261
252 261
252 261
252 262
251 262
251 262
251 263
251 263
250 263
250 263
250 264
249 264
249 264
249 264
248 265
248 265
248 265
247 266
247 266
246 266
246 266
245 267
245 267
244 267
244 268
243 268
243 268
242 269
242 269
241 269
240 270
240 270
239 270
239 271
238 271
238 271
237 272
237 272
236 272
236 273
235 273
235 274
234 274
233 274
233 275
232 275
231 275
230 276
230 276
229 277
228 277
228 277
227 278
227 278
226 278
226 279
225 279
225 279
225 280
225 280
224 281
224 281
224 282
223 282
223 283
223 283
222 283
222 284
222 284
221 285
221 285
220 285
220 286
219 286
219 286
218 286
218 287
217 287
217 287
216 287
215 288
215 288
214 288
214 289
213 289
213 289
212 290
212 290
212 290
211 291
211 291
210 291
210 292
209 292
209 292
209 293
208 293
208 293
207 293
207 294
206 294
206 294
205 295
205 295
204 295
203 295
203 296
202 296
202 296
201 297
201 297
200 298
200 298
199 298
199 298
198 299
198 299
197 299
197 300
196 300
196 300
195 300
195 301
194 301
194 301
193 301
193 302
192 302
192 302
192 302
191 303
191 303
190 303
190 303
189 303
189 304
188 304
188 304
187 304
187 305
186 305
186 305
185 305
185 306
185 306
184 306
184 306
183 306
183 307
183 307
182 307
182 307
181 308
181 308
180 308
180 308
179 308
179 309
179 309
178 309
178 310
178 310
177 310
177 310
177 311
176 311
176 311
175 311
175 312
175 312
174 312
174 312
173 312
173 313
173 313
172 313
172 313
171 314
171 314
171 314
170 314
170 315
169 315
169 315
168 315
168 316
168 316
167 316
167 316
166 317
166 317
165 317
165 317
164 317
164 318
163 318
163 318
162 318
162 318
161 318
161 318
160 319
159 319
159 319
158 319
158 319
157 319
157 320
156 320
156 320
155 320
155 320
154 320
154 320
153 321
153 321
152 321
152 321
151 321
151 321
150 321
149 321
149 321
148 321
148 322
147 322
146 322
146 322
145 322
145 322
144 322
144 323
143 323
143 323
142 323
142 323
141 323
141 324
141 324
140 324
140 324
140 324
139 325
139 325
139 325
139 325
138 326
138 326
138 326
138 326
137 326
137 326
137 326
137 327
136 327
136 327
136 327
136 327
136 328
136 328
136 328
136 328
136 328
136 328
136 329
136 329
136 329
136 329
136 329
137 329
137 330
137 330
137 330
137 330
137 331
138 331
138 331
138 331
138 331
138 331
139 332
139 332
139 332
140 332
140 332
140 332
141 332
141 333
141 333
142 333
142 333
143 333
143 333
144 334
144 334
145 334
146 334
146 335
147 335
147 335
148 335
149 336
150 336
150 336
151 336
152 337
153 337
153 337
154 337
155 337
155 338
156 338
157 338
157 339
158 339
159 339
160 339
160 340
161 340
162 340
162 340
163 341
164 341
164 341
165 341
165 342
166 342
167 342
167 342
168 342
168 343
169 343
169 343
170 344
171 344
171 344
172 345
173 345
173 345
174 346
175 346
175 346
176 347
177 347
177 347
178 347
179 348
180 348
180 348
181 349
182 349
182 349
183 350
184 350
185 350
185 350
186 351
187 351
187 351
188 352
189 352
189 352
190 352
191 353
191 353
192 353
193 353
193 354
194 354
195 354
195 354
196 355
197 355
197 355
198 355
199 355
199 356
200 356
200 356
201 356
202 356
203 357
203 357
204 357
205 357
205 357
206 357
207 357
208 358
209 358
209 358
210 358
211 358
212 358
213 359
214 359
215 359
217 359
218 360
219 360
220 360
221 360
222 361
223 361
224 361
225 361
226 361
227 362
228 362
228 362
229 362
230 362
230 362
230 363
231 363
231 363
231 363
232 363
232 363
233 364
233 364
233 364
233 364
234 364
234 364
234 364
235 364
235 363
235 363
235 363
236 363
236 363
237 363
237 363
238 363
239 363
239 363
240 363
240 363
241 363
242 364
243 364
243 364
244 364
245 364
246 364
246 364
247 364
248 364
249 364
249 364
250 364
251 364
252 364
253 364
253 364
254 364
255 364
256 364
257 365
258 365
259 365
260 365
261 365
262 365
263 365
264 365
264 365
265 366
266 366
267 366
268 366
269 365
269 365
270 365
271 365
272 365
272 365
273 365
274 365
275 365
275 365
276 365
277 365
278 365
278 365
279 365
280 365
281 365
282 365
283 365
284 365
285 365
285 364
286 364
287 364
288 364
289 364
289 364
290 364
291 364
292 364
292 364
293 364
294 364
295 364
296 364
296 364
297 364
298 364
299 364
299 364
300 364
301 365
301 365
302 365
303 365
304 365
304 365
305 365
306 365
306 366
307 366
308 366
308 366
309 366
309 366
310 366
310 366
311 366
311 366
312 366
312 366
312 366
313 366
313 366
313 366
314 366
314 366
314 365
315 365
315 365
315 365
316 365
316 365
317 365
317 365
317 365
318 365
318 365
318 365
319 364
319 364
320 364
320 364
321 364
322 364
322 364
323 364
324 364
324 364
325 364
326 364
327 364
328 364
328 364
329 364
330 364
331 364
332 364
332 365
333 365
334 365
335 365
336 365
336 365
337 365
338 365
339 365
339 365
340 365
341 365
342 365
342 365
343 365
344 365
345 365
346 365
346 365
347 365
348 365
349 366
350 366
351 366
351 366
352 366
353 366
354 366
355 366
356 366
357 366
358 367
359 367
360 367
360 367
361 367
362 367
363 367
364 367
365 367
366 367
366 367
367 367
368 367
369 367
370 367
372 367
373 367
374 367
375 366
376 366
377 366
378 366
379 366
380 366
381 366
382 366
383 366
384 366
385 366
386 366
387 366
388 367
388 367
389 367
390 367
391 367
392 367
393 367
394 367
395 367
396 367
396 367
397 367
398 367
399 367
400 366
401 366
402 366
403 366
405 366
406 366
407 366
408 366
409 366
410 366
411 365
412 365
413 365
414 365
416 365
417 365
418 365
419 365
420 365
421 365
422 365
422 365
423 365
424 365
424 365
425 365
426 365
426 364
427 364
427 364
428 364
428 364
429 364
430 364
430 364
431 364
431 364
432 364
432 363
433 363
433 363
434 363
434 363
435 363
435 363
436 362
436 362
437 362
437 362
438 362
438 362
439 362
439 362
440 362
440 362
441 361
442 361
442 361
443 361
443 361
444 361
444 361
445 361
445 361
446 361
447 361
447 361
448 361
449 361
450 361
450 361
451 361
452 360
453 360
454 360
454 360
455 360
456 360
457 360
458 360
458 360
459 360
460 360
461 360
461 360
462 360
463 360
464 360
465 360
465 360
466 360
467 360
468 360
469 360
469 360
470 360
471 360
472 360
473 360
474 360
475 360
476 360
477 360
477 360
478 360
479 360
480 359
481 359
482 359
483 359
484 359
484 359
485 359
486 359
487 359
487 359
488 359
489 359
490 359
491 359
491 359
492 359
493 359
493 359
494 359
495 358
496 358
496 358
497 358
498 358
498 358
499 358
500 358
500 357
501 357
501 357
502 357
502 356
503 356
504 356
504 356
505 356
506 355
506 355
507 355
508 355
508 355
509 355
510 355
511 354
511 354
512 354
513 354
513 354
514 354
515 354
515 353
516 353
517 353
518 353
518 353
519 353
520 353
520 353
521 353
521 353
522 353
523 353
523 353
524 353
525 353
525 353
526 353
527 353
527 353
528 353
529 353
529 353
530 353
531 353
532 353
533 353
533 353
534 353
535 353
536 353
537 353
538 352
539 352
540 352
541 352
543 352
544 352
545 352
546 352
546 352
547 352
548 352
549 352
550 352
550 352
551 352
552 352
553 352
553 352
554 352
554 352
555 352
556 352
556 352
557 352
557 352
557 351
558 351
558 351
559 351
559 351
559 351
560 351
560 351
560 351
560 351
561 350
561 350
561 350
561 350
561 350
561 350
561 350
561 349
561 349
561 349
561 349
561 349
561 349
560 348
560 348
560 348
560 348
560 348
559 348
559 347
559 347
559 347
558 347
558 346
557 346
557 346
556 346
556 345
555 345
555 345
554 345
554 344
553 344
553 344
552 343
551 343
551 343
550 342
550 342
549 341
549 341
548 340
547 340
547 339
546 339
546 338
545 337
544 337
544 336
543 335
542 335
541 334
541 333
540 333
539 332
538 331
537 330
537 330
536 329
535 328
534 328
533 327
533 326
532 326
531 325
531 324
530 323
529 323
528 322
528 321
527 321
526 320
526 320
525 319
524 318
524 318
523 317
522 317
522 316
521 316
520 315
519 315
519 314
518 314
517 313
517 313
516 312
515 312
515 311
514 311
513 310
513 310
512 309
512 309
511 308
511 308
510 307
510 307
509 306
508 306
508 305
507 304
507 304
506 303
506 303
505 302
504 302
504 301
503 300
503 300
502 299
501 299
501 298
500 298
499 297
499 297
498 296
497 296
496 296
495 295
495 295
494 294
493 294
492 293
491 293
490 292
490 292
489 291
488 291
487 290
486 289
485 289
485 288
484 288
483 287
482 287
482 286
481 286
480 285
479 285
479 284
478 284
477 283
476 283
476 282
475 282
474 282
474 281
473 281
472 280
472 280
471 280
470 279
470 279
469 278
469 278
468 277
468 277
467 276
466 276
466 276
465 275
465 275
464 274
464 274
463 273
463 273
462 273
461 272
461 272
460 271
460 271
459 270
459 270
458 269
458 268
457 268
457 267
456 267
456 266
455 265
455 265
455 264
454 264
454 263
453 263
453 262
452 262
452 261
451 261
450 260
450 259
449 259
449 258
448 258
448 257
447 257
446 256
446 256
445 255
444 255
444 254
443 254
442 253
442 252
441 252
440 251
440 251
439 250
438 250
438 249
437 249
436 248
436 248
435 247
434 247
434 246
433 246
433 245
432 245
432 245
431 244
431 244
430 243
429 243
429 242
428 242
428 241
427 241
427 240
426 240
425 239
425 239
424 238
424 238
423 237
422 237
422 236
421 236
421 235
420 235
419 234
419 234
418 233
417 233
417 232
416 232
416 232
415 231
415 231
414 230
414 230
413 229
412 229
412 228
411 228
411 227
410 227
409 226
409 226
408 225
408 225
407 224
406 224
406 223
405 223
404 223
404 222
403 222
403 221
402 221
402 220
401 220
401 219
400 219
400 219
399 218
399 218
398 217
398 217
397 216
397 216
397 215
396 215
396 215
395 214
395 214
394 213
394 213
394 213
393 212
393 212
392 211
392 211
391 210
391 210
390 210
390 209
389 209
389 208
389 208
388 208
388 207
387 207
387 206
387 206
386 206
386 205
385 205
385 205
385 204
384 204
384 204
383 203
383 203
382 203
382 202
381 202
381 201
380 201
380 201
380 200
379 200
379 199
378 199
378 199
378 198
377 198
377 198
376 197
376 197
376 197
375 197
375 197
375 196
374 196
374 196
374 196
373 195
373 195
372 195
372 194
372 194
371 194
371 194
371 193
370 193
370 193
370 193
370 192
369 192
369 192
369 192
369 191
369 191
369 191
368 191
368 191
368 190
368 190
367 190
367 189
367 189
367 189
367 189
366 189
366 189
366 189
366 189
366 188
366 188
365 188
365 188
365 188
365 188
365 187
365 187
365 187
365 187
364 187
364 187
364 187
364 187
364 187
363 186
363 186
363 186
362 186
362 186
362 186
362 186
361 186
361 186
361 185
361 185
361 185
361 185
361 184
361 184
360 184
360 184
360 183
360 183
360 183
360 182
360 182
360 182
360 182
360 181
359 181
359 181
359 181
359 181
359 180
359 180
359 180
358 180
358 180
358 180
358 180
358 180
358 180
358 180
358 180
357 179
357 179
357 179
357 180
357 180
357 180
357 180
357 180
357 180
357 180
357 180
357 180
357 180
357 181
357 181
357 181
357 181
357 182
357 182
357 182
356 183
356 183
356 183
356 184
356 184
355 184
355 185
355 185
355 186
355 186
355 187
354 187
354 188
354 188
354 189
353 189
353 190
353 191
353 191
352 192
173 317
173 317
173 317
173 317
173 317
173 317
173 317
173 317
173 317
172 317
172 318
172 318
172 318
172 318
171 318
171 318
171 318
171 318
171 318
171 318
170 318
170 319
170 319
170 319
170 319
170 319
170 320
170 320
169 320
169 320
169 320
169 320
169 320
168 320
168 321
168 321
168 321
167 321
167 321
167 321
167 321
166 321
166 321
166 321
166 321
166 321
166 321
166 321
166 321
166 321
166 321
166 322
166 322
166 322
167 322
167 322
167 322
167 322
167 322
167 322
167 322
167 322
167 322
167 323
166 323
166 323
166 323
167 323
167 323
167 324
167 324
167 324
167 324
167 324
167 324
168 325
168 325
168 325
168 325
168 325
168 326
168 326
168 326
169 326
169 327
169 327
169 327
169 327
169 327
169 328
169 328
169 328
169 328
169 328
169 328
169 328
169 329
169 329
169 329
169 329
169 329
169 329
168 329
168 330
168 330
168 330
168 330
168 330
168 331
168 331
167 331
167 331
167 332
167 332
167 332
167 333
167 333
167 333
167 334
167 334
167 335
167 335
167 336
167 336
167 337
167 337
167 338
166 339
166 339
166 340
166 341
166 341
166 342
165 343
165 344
165 344
165 345
165 346
165 347
165 347
165 348
165 349
165 350
165 350
165 351
165 352
165 353
165 354
165 354
165 355
164 356
164 357
164 357
164 358
164 359
164 360
164 361
164 362
164 363
165 364
165 364
165 365
165 366
165 367
165 368
165 369
164 370
164 371
164 372
164 373
164 374
164 375
164 375
164 376
164 377
164 378
164 379
164 380
164 381
164 382
164 383
164 384
164 385
164 386
164 387
164 388
164 389
164 390
164 391
164 392
164 393
164 394
164 395
164 396
164 397
164 398
164 399
163 400
163 400
163 401
163 402
163 403
163 404
163 405
163 406
163 407
163 407
162 408
162 409
162 410
162 411
162 412
162 413
162 414
162 414
162 415
162 416
162 417
162 418
162 419
162 420
162 421
162 421
162 422
163 423
163 424
163 425
162 425
162 426
163 427
163 428
162 429
162 430
162 430
162 431
162 432
162 433
162 434
162 435
162 436
162 436
162 437
162 438
162 439
161 440
161 441
161 441
161 442
161 443
161 444
161 445
161 446
161 446
160 447
160 448
160 449
160 450
160 451
160 451
160 452
160 453
159 454
159 455
159 455
159 456
158 457
158 458
158 459
159 460
158 460
158 461
158 462
158 462
158 463
158 464
158 465
158 465
158 466
158 467
157 468
157 468
158 469
158 470
157 471
157 472
157 473
157 473
157 474
157 475
157 476
156 476
156 477
156 478
156 479
156 480
156 481
156 482
156 483
156 484
156 485
156 485
156 486
156 487
156 488
156 489
156 490
156 491
156 492
156 493
156 494
156 495
156 496
156 497
156 498
156 499
156 500
156 500
155 501
155 502
155 503
155 504
155 505
154 506
154 507
153 508
153 509
153 510
153 511
153 512
153 512
152 513
152 514
152 515
152 516
151 517
151 518
151 518
151 519
151 520
151 521
151 522
151 522
150 523
150 524
150 525
150 525
150 526
149 527
149 527
149 528
149 529
149 529
149 530
149 531
149 531
148 532
148 533
148 533
148 534
148 534
148 535
148 536
148 536
148 537
148 537
148 538
148 538
148 539
148 539
148 540
148 540
148 540
149 541
149 541
149 542
149 542
149 542
149 543
150 543
150 544
150 544
151 545
151 545
151 545
151 546
151 546
152 546
152 547
152 547
153 548
153 548
153 548
153 548
153 549
154 549
154 549
154 549
154 550
155 550
155 550
155 551
156 551
156 551
157 552
157 552
158 552
158 552
159 553
159 553
160 553
160 553
161 553
161 554
162 554
163 554
163 554
164 554
164 554
165 555
166 555
167 555
168 555
169 555
170 556
171 556
172 556
173 556
174 556
175 556
176 557
177 557
178 557
179 557
180 557
181 558
182 558
183 558
184 558
185 559
185 559
186 559
187 559
188 559
189 560
190 560
191 560
192 560
193 561
194 561
195 561
196 561
197 562
198 562
199 562
200 562
201 563
202 563
203 563
204 563
205 563
206 564
207 564
208 564
209 564
210 565
212 565
213 565
214 566
215 566
217 566
218 567
219 567
220 567
222 568
223 568
224 568
225 568
227 569
228 569
229 569
231 569
232 570
233 570
235 570
236 570
237 570
239 570
240 571
241 571
242 571
243 571
245 571
246 571
247 571
248 572
249 572
250 572
251 572
253 572
254 572
255 572
256 572
257 572
258 572
259 572
260 572
261 572
262 572
263 572
265 572
266 572
267 572
268 572
270 572
271 572
272 572
274 572
275 572
276 572
278 572
279 572
280 572
281 572
282 572
283 572
285 572
285 572
286 572
287 572
288 572
289 572
291 572
292 572
293 572
294 573
295 573
296 573
297 573
298 573
299 573
300 573
301 573
302 573
303 573
305 573
306 573
307 574
307 574
308 574
309 574
310 574
310 574
311 574
312 574
313 574
314 574
315 574
316 574
317 574
317 574
318 574
319 574
321 574
322 574
323 574
324 574
325 575
326 575
327 575
329 575
330 575
331 575
332 575
333 575
334 575
335 575
336 575
338 575
339 575
340 575
341 575
342 575
343 575
345 575
346 575
347 575
348 576
349 576
350 576
351 576
352 576
353 576
354 576
355 576
356 576
357 576
359 576
360 576
361 576
362 576
363 576
364 576
365 576
366 576
367 576
367 576
368 576
369 577
370 577
371 577
372 577
373 577
374 577
375 577
376 577
377 577
378 577
379 577
379 577
380 577
381 577
381 577
382 577
383 577
384 577
385 577
386 577
387 577
388 577
389 577
389 577
390 577
391 577
392 577
393 577
394 577
395 577
396 577
397 577
398 577
399 577
400 576
401 576
403 576
404 576
405 576
406 576
407 577
408 577
409 577
410 577
411 577
412 577
413 577
413 577
415 577
415 577
416 577
417 577
418 577
419 577
420 576
421 576
422 576
423 576
424 576
425 576
426 576
427 576
428 576
429 576
430 576
431 576
432 576
433 576
434 576
435 576
436 576
438 576
439 576
440 576
441 576
442 576
443 576
444 576
445 576
446 576
447 576
448 577
449 577
450 577
451 577
452 577
453 577
453 577
454 577
455 577
456 577
457 577
458 577
458 577
459 576
460 576
461 576
462 576
463 576
464 576
464 576
465 576
465 576
466 576
467 576
467 576
468 576
469 576
469 576
470 575
471 575
472 575
472 575
473 575
473 575
474 575
474 575
475 575
475 575
476 575
476 575
477 575
478 575
478 575
478 575
479 575
480 575
480 575
481 575
481 575
482 575
482 575
482 575
483 575
483 575
484 575
484 575
484 575
484 575
485 575
485 575
485 575
486 575
486 575
486 575
486 575
486 575
487 575
487 575
487 575
487 575
487 575
488 575
488 575
488 575
488 575
489 575
489 575
490 575
490 575
491 575
491 575
492 575
493 575
493 575
494 575
494 575
495 575
496 575
496 575
497 575
497 575
498 575
498 575
499 575
500 575
500 575
500 575
501 575
501 575
502 575
502 574
502 574
502 574
502 574
503 574
503 574
503 574
504 574
504 574
504 574
505 573
505 573
505 573
506 573
506 573
507 573
507 573
507 573
508 573
508 572
508 572
509 572
509 572
509 572
509 572
510 572
510 572
510 571
510 571
511 571
511 571
511 570
511 570
511 570
512 569
512 569
512 569
513 568
513 568
514 568
514 567
514 567
514 567
515 566
515 566
515 565
515 565
515 565
515 564
515 564
515 564
515 563
516 563
515 562
515 562
515 562
516 561
516 561
516 560
516 560
516 559
516 559
516 558
516 558
516 557
516 557
516 556
516 556
516 555
516 555
516 554
517 554
517 553
517 553
517 552
517 552
517 551
518 550
518 550
518 549
518 548
518 548
518 547
519 546
519 546
519 545
520 544
520 543
520 543
521 542
521 541
521 541
521 540
522 539
522 539
522 538
523 537
523 537
523 536
524 535
524 535
524 534
524 533
524 533
524 532
525 531
525 531
525 530
525 529
526 529
526 528
526 527
526 527
526 526
526 525
526 525
527 524
527 523
527 522
527 522
527 521
527 520
528 519
528 518
528 517
528 516
528 515
528 515
528 514
528 513
528 512
528 511
528 510
529 509
529 508
529 507
529 506
529 505
529 504
529 503
528 503
528 502
528 501
528 500
528 499
528 498
528 497
528 496
528 496
527 495
527 494
527 493
527 492
527 491
527 491
527 490
527 489
527 488
527 487
527 486
527 485
527 484
527 484
528 483
528 482
528 481
527 481
527 480
527 479
527 478
527 477
527 476
527 476
528 475
528 474
528 473
528 472
528 471
528 471
528 470
528 469
528 468
528 468
528 467
528 466
528 465
528 465
528 464
528 463
527 462
527 462
527 461
527 460
527 459
527 459
528 458
528 457
528 456
528 455
528 455
528 454
528 453
528 452
528 452
528 451
528 450
528 450
528 449
528 448
528 447
528 446
528 446
528 445
528 444
528 443
528 442
528 442
528 441
528 440
528 439
528 439
527 438
527 437
527 437
527 436
527 435
527 434
527 434
527 433
527 432
527 431
527 431
527 430
528 429
528 429
528 428
528 427
528 426
528 426
528 425
528 424
528 424
528 423
528 422
528 422
528 421
528 421
528 420
528 419
528 419
528 418
529 418
529 417
529 416
529 416
529 415
529 415
529 414
529 413
529 413
529 412
529 411
529 411
529 410
530 409
530 409
530 408
530 407
530 407
530 406
530 405
531 405
531 404
531 403
531 402
531 402
531 401
531 401
531 400
531 399
531 399
531 398
532 397
532 397
532 396
532 395
532 395
532 394
532 394
532 393
532 393
532 392
532 391
533 391
533 390
533 390
533 389
533 388
533 388
534 387
534 387
534 386
534 385
534 385
534 384
534 384
535 383
535 382
535 382
535 381
535 380
535 380
535 379
535 379
535 378
535 377
535 377
535 376
535 376
535 375
535 374
535 374
535 373
535 373
535 372
535 372
535 371
535 370
535 370
535 369
535 369
536 368
536 368
536 367
536 367
536 366
536 366
536 365
536 365
536 365
536 364
536 364
536 363
536 363
536 363
536 362
536 362
536 361
536 361
536 361
536 360
536 360
536 360
536 359
536 359
536 358
536 358
536 358
536 357
536 357
536 356
536 356
535 356
535 355
535 355
535 355
536 354
536 354
536 354
536 354
536 353
536 353
536 353
536 353
536 353
536 353
536 353
536 352
536 352
536 352
536 352
536 352
536 352
536 352
536 352
536 352
536 352
536 352
536 352
536 352
536 352
536 352
536 352
536 352
536 352
536 352
536 352
536 351
536 351
536 351
536 351
536 351
536 351
536 351
536 351
536 351
536 351
536 351
536 351
536 351
536 351
535 351
535 351
535 351
535 351
535 351
535 350
535 350
535 350
535 350
535 350
535 350
535 350
535 350
535 350
535 350
535 350
535 350
535 350
535 350
535 349
535 349
535 349
534 349
534 349
534 349
534 349
534 349
534 348
534 348
534 348
534 348
534 348
534 347
534 347
534 347
534 347
534 347
534 346
533 346
533 346
533 346
533 346
533 346
533 345
533 345
533 345
533 345
532 345
532 345
532 345
532 345
531 345
531 345
531 345
530 345
530 345
529 345
529 345
529 346
528 346
528 346
527 346
527 346
526 346
526 346
526 347
525 347
525 347
524 347
523 348
523 348
522 349
521 349
521 350
204 378
204 378
205 378
205 378
205 378
205 378
205 378
205 378
205 378
205 378
205 378
205 378
205 377
205 377
206 377
206 377
206 377
206 377
206 377
206 377
206 377
207 377
207 377
207 377
207 377
208 377
208 377
208 377
208 377
208 377
208 376
208 376
208 376
209 376
209 376
209 376
209 376
209 376
209 376
209 376
209 376
209 376
209 376
209 376
209 376
209 376
209 376
209 376
209 376
209 376
209 375
210 375
210 375
210 375
210 375
210 375
210 375
210 375
211 375
211 375
211 375
211 375
211 375
211 375
211 375
211 375
211 375
212 375
212 375
212 375
212 374
212 375
212 375
212 375
212 375
212 375
213 375
213 375
213 375
213 375
213 375
213 375
213 375
213 375
213 375
213 375
213 375
213 375
213 375
213 375
213 375
213 375
213 375
213 375
213 375
213 375
213 376
213 376
213 376
213 376
213 376
213 376
213 376
213 376
213 376
213 376
213 377
213 377
213 377
212 377
212 377
212 377
212 378
212 378
212 378
212 378
212 378
212 378
212 378
211 378
211 379
211 379
211 379
211 379
211 379
211 379
211 380
210 380
210 380
210 380
210 381
210 381
210 381
210 382
210 382
210 382
210 383
210 383
210 383
209 384
209 384
209 385
209 385
209 385
209 386
209 386
209 386
209 387
208 387
208 388
208 388
208 389
208 389
207 389
207 390
207 390
206 391
206 391
206 391
206 392
206 392
205 393
205 393
205 393
205 394
205 394
205 394
204 395
204 395
204 395
204 396
204 396
204 396
204 397
204 397
204 398
204 398
204 399
204 399
204 399
204 400
204 400
204 401
204 401
204 402
204 402
204 403
204 403
204 404
204 404
204 405
204 405
204 406
204 407
204 407
204 408
204 408
204 409
204 410
204 410
204 411
204 412
204 413
204 413
204 414
204 415
204 415
204 416
204 417
204 418
205 418
205 419
205 420
205 421
205 421
205 422
205 423
205 424
205 424
205 425
205 426
205 426
205 427
205 428
205 428
205 429
205 430
205 430
205 431
205 431
205 432
205 433
205 433
205 434
205 434
205 435
205 436
205 436
205 437
205 437
205 438
205 438
205 439
205 440
205 440
205 441
205 442
205 442
205 443
205 444
205 444
206 445
206 446
206 446
206 447
206 447
206 448
206 449
206 449
206 450
205 451
205 451
205 452
205 452
205 453
205 454
205 454
205 455
205 456
205 456
205 457
205 457
205 458
205 458
205 459
205 459
205 460
205 460
205 461
205 461
206 462
206 462
206 463
206 463
206 464
206 464
206 464
207 465
207 465
207 466
207 466
207 466
207 467
207 467
207 467
207 468
207 468
208 468
208 469
208 469
209 469
209 469
209 470
209 470
210 470
210 470
210 471
211 471
211 471
212 471
212 472
212 472
213 472
213 472
214 473
215 473
215 473
216 473
217 474
217 474
218 474
219 475
220 475
221 475
221 475
222 476
223 476
224 476
225 476
226 476
227 477
228 477
229 477
230 477
231 478
232 478
233 478
235 478
236 478
237 478
238 479
240 479
241 479
242 479
243 479
245 480
246 480
247 480
248 480
249 480
251 480
252 480
253 480
254 481
255 481
256 481
257 481
258 481
259 481
260 481
261 481
261 481
262 481
263 481
264 481
265 481
266 481
266 481
267 481
268 481
269 481
269 481
270 481
271 481
272 481
273 481
273 481
274 481
275 481
276 481
276 482
277 482
278 482
279 482
280 482
281 482
281 482
282 482
283 483
284 483
284 483
285 483
286 483
286 483
287 483
288 484
288 484
289 484
290 484
290 484
291 484
291 484
292 484
293 484
293 485
294 485
294 485
295 485
295 485
296 485
296 485
297 485
298 485
298 485
299 485
300 485
300 485
301 485
302 485
302 485
303 485
304 485
304 485
305 485
306 485
306 485
307 485
308 485
308 485
309 485
309 485
310 485
310 485
311 485
311 485
312 485
312 485
313 485
313 485
314 485
314 485
315 485
315 485
316 485
316 485
317 485
317 485
318 485
318 485
319 485
319 485
319 484
320 484
320 484
320 484
321 484
321 484
321 484
322 484
322 484
323 484
323 484
323 484
324 484
324 484
324 484
324 484
324 484
324 484
324 484
324 483
324 483
324 483
324 483
324 483
324 483
324 483
324 482
324 482
324 482
325 482
324 482
324 481
324 481
324 481
324 480
324 480
325 480
325 479
325 479
325 478
325 478
325 477
325 477
325 476
325 476
326 475
326 475
326 474
326 474
326 473
326 472
326 472
326 471
326 470
326 470
326 469
326 468
326 468
326 467
326 467
326 466
326 465
326 465
325 464
326 463
326 463
325 462
326 461
326 461
326 460
325 460
325 459
325 458
325 458
325 457
325 456
325 456
325 455
325 455
325 454
325 453
325 453
325 452
325 452
325 451
325 450
325 450
325 449
325 449
325 448
325 448
325 447
325 446
326 446
326 445
326 445
326 444
326 444
326 443
326 442
326 442
326 441
326 441
326 440
327 439
327 439
327 438
327 438
327 437
327 436
327 436
327 435
328 434
328 434
328 433
328 433
328 432
328 431
328 431
328 430
328 429
328 429
328 428
328 427
328 427
328 426
328 425
328 425
328 424
328 423
328 423
328 422
328 421
329 421
329 420
329 420
329 419
328 418
328 418
328 417
328 417
328 416
328 416
329 415
329 415
328 415
328 414
329 414
329 413
329 413
329 413
329 412
329 412
329 411
329 411
329 410
329 410
329 410
329 409
329 409
329 408
329 408
329 407
329 407
329 406
329 406
329 405
329 405
329 405
329 404
328 404
328 403
328 403
328 403
328 402
328 402
328 402
328 401
328 401
327 401
327 400
327 400
327 400
327 400
327 400
327 400
327 399
327 399
327 399
327 399
327 399
327 399
326 399
326 399
326 399
326 399
326 399
326 399
326 399
326 399
326 399
326 399
325 398
325 398
325 398
325 398
324 398
324 398
324 398
323 397
323 397
322 397
322 397
322 397
321 397
320 397
320 396
319 396
318 396
318 396
317 396
316 396
315 395
315 395
314 395
313 395
312 395
311 395
310 394
310 394
309 394
308 394
307 394
306 394
305 394
304 393
303 393
302 393
301 393
300 393
299 393
298 393
297 393
296 392
295 392
294 392
293 392
292 392
291 392
290 391
289 391
288 391
287 391
287 391
286 391
285 390
284 390
284 390
283 390
282 390
282 390
281 390
280 390
280 390
279 390
278 389
277 389
276 389
276 389
275 389
274 389
273 389
273 389
272 388
271 388
270 388
270 388
269 388
268 388
267 388
266 388
266 388
265 388
264 388
263 388
262 387
262 387
261 387
260 387
259 387
258 387
258 387
257 387
256 387
256 387
255 387
254 387
254 387
253 387
253 387
252 387
251 387
251 387
250 387
249 387
249 387
248 387
247 387
247 387
246 386
246 386
245 386
244 386
244 386
243 386
243 386
242 386
242 386
241 386
241 386
241 385
240 385
240 385
239 385
239 385
238 385
238 385
237 385
237 385
236 384
235 384
235 384
234 384
234 384
233 384
233 384
232 384
232 384
232 384
231 384
231 384
230 384
230 384
229 384
229 384
228 384
228 384
227 384
227 384
226 384
226 384
225 384
225 384
224 384
223 383
223 383
222 383
221 383
221 383
220 382
219 382
218 382
217 382
216 382
216 381
215 381
214 381
214 381
213 381
213 381
212 381
212 381
212 381
211 381
211 381
210 381
210 381
210 381
209 381
209 381
209 381
208 381
208 381
208 381
208 381
208 381
208 381
208 381
208 381
208 381
208 381
208 382
208 382
208 382
208 382
208 381
208 381
208 381
208 381
208 381
208 381
208 381
208 381
208 381
208 381
208 381
208 381
208 381
208 381
208 381
208 381
208 381
209 381
209 380
209 380
209 380
209 380
209 380
209 380
209 380
208 380
208 379
208 379
208 379
208 379
208 378
207 378
207 378
207 377
207 377
207 377
207 376
207 376
207 376
207 375
207 375
207 375
207 375
207 375
207 375
208 375
208 375
208 375
208 375
209 375
209 375
209 375
209 375
209 375
210 375
379 555
379 555
379 555
379 555
379 555
379 555
379 555
379 555
379 555
378 555
378 555
378 555
378 555
378 555
378 555
378 555
378 555
378 555
378 555
378 555
378 555
378 555
379 555
379 555
379 555
378 555
378 555
378 555
378 555
378 555
378 555
378 555
378 555
378 555
378 555
378 555
378 555
378 556
378 556
378 556
378 556
378 556
378 556
379 556
379 556
379 556
379 557
379 557
379 557
379 557
379 557
379 557
380 557
380 557
380 557
380 557
380 557
380 557
380 557
380 558
380 558
380 558
381 558
381 558
381 558
381 558
380 558
381 558
381 558
381 558
381 558
381 558
381 558
381 558
382 558
382 558
382 557
382 557
382 557
382 557
382 557
382 557
382 557
382 556
382 556
382 556
382 556
382 556
382 555
382 555
382 555
382 555
382 555
382 554
382 554
382 554
382 554
382 554
382 553
382 553
382 553
382 553
382 552
382 552
382 552
382 552
382 551
382 551
382 551
382 550
382 550
382 549
382 549
382 549
382 548
382 548
381 548
382 547
382 547
382 546
381 546
381 545
381 545
381 545
381 544
381 544
381 543
381 543
381 543
381 542
381 542
381 541
381 541
381 540
381 540
381 539
381 539
381 538
381 538
381 537
381 537
381 536
381 536
381 535
381 535
381 534
381 533
381 533
381 532
381 531
381 531
381 530
382 529
382 529
382 528
382 527
381 527
381 526
381 525
381 525
381 524
381 523
381 523
381 522
381 521
381 521
380 520
380 520
380 519
380 518
380 517
380 517
380 516
380 515
380 515
380 514
380 513
380 512
380 511
380 511
380 510
380 509
380 508
380 507
380 506
380 506
380 505
380 504
380 503
380 502
380 501
380 501
380 500
380 499
380 498
380 497
380 496
380 495
380 494
380 493
380 492
380 491
380 490
380 490
380 489
380 488
381 487
381 486
381 485
381 484
381 483
381 483
381 482
382 481
382 480
382 479
382 478
382 478
382 477
382 476
382 475
381 474
381 474
381 473
381 472
381 472
381 471
381 470
381 469
381 468
381 468
381 467
381 466
381 465
381 464
381 464
382 463
381 462
381 461
381 461
381 460
381 459
381 459
381 458
381 457
381 456
381 456
381 455
381 454
381 454
381 453
381 452
381 451
381 451
381 450
381 449
381 448
381 447
381 447
381 446
381 445
381 444
381 443
381 442
382 441
382 440
382 440
382 439
382 438
382 437
383 436
383 435
383 434
383 434
383 433
384 432
384 431
384 430
384 430
384 429
384 428
384 427
384 427
384 426
384 425
384 425
384 424
384 424
384 423
384 422
384 422
384 421
384 421
384 420
384 420
384 419
384 419
385 418
385 417
385 417
384 416
384 416
384 415
384 415
384 414
384 414
384 413
384 413
384 412
384 412
384 411
384 411
384 410
384 410
384 409
384 409
384 408
384 407
384 407
384 406
384 406
384 405
384 404
384 404
384 403
384 403
384 402
384 402
385 401
385 401
385 400
385 400
385 399
385 399
385 398
386 398
386 398
386 398
386 397
386 397
386 397
386 397
386 397
386 397
386 397
386 397
387 397
387 396
387 396
387 396
387 396
387 396
388 396
388 396
388 396
388 396
388 396
389 396
389 396
389 396
389 396
390 396
390 396
390 396
391 396
391 396
391 396
392 396
392 396
393 396
393 396
394 396
394 395
395 395
395 395
396 395
396 395
397 395
398 395
398 395
399 395
400 395
401 395
401 395
402 395
403 395
404 395
404 395
405 395
406 395
407 395
408 395
408 395
409 395
410 396
411 396
412 396
412 396
413 396
414 396
415 396
416 396
416 396
417 396
418 396
419 396
419 396
420 396
421 396
421 396
422 396
423 396
423 396
424 396
424 396
425 396
426 396
426 396
427 396
427 396
428 396
429 396
430 396
430 395
431 395
432 395
433 395
434 395
434 395
435 395
436 395
437 396
438 396
438 396
439 396
440 396
441 396
442 396
443 396
444 396
445 396
445 396
446 396
447 396
448 396
449 395
450 395
451 395
452 395
452 395
453 395
454 395
455 394
456 394
456 394
457 394
458 394
459 394
460 394
460 394
461 394
462 394
463 394
463 394
464 394
465 394
465 394
466 394
467 394
467 393
468 393
469 393
470 393
470 393
471 393
472 393
472 394
473 394
474 394
475 394
475 394
476 394
476 394
477 394
477 394
477 394
478 395
478 395
479 395
479 395
480 395
480 395
480 395
481 396
481 396
481 396
482 396
482 396
482 397
483 397
483 397
483 397
483 398
483 398
483 398
484 399
484 399
484 399
484 400
484 400
484 400
484 401
484 401
484 402
484 402
485 403
485 403
485 404
485 404
485 405
485 405
485 406
485 406
486 407
486 407
486 408
486 408
486 409
486 410
486 410
486 411
486 411
486 412
486 412
486 413
486 414
486 414
486 415
486 415
486 416
486 417
486 417
486 418
486 418
486 419
486 420
486 420
486 421
486 422
486 422
486 423
486 424
486 424
486 425
485 426
485 426
485 427
485 428
485 429
485 430
485 430
485 431
485 432
485 433
485 434
485 435
484 436
484 437
484 438
484 439
484 440
483 441
483 442
483 443
483 444
482 445
482 446
482 447
481 448
481 449
481 450
481 451
480 452
480 453
480 454
480 455
480 456
479 457
479 458
479 459
479 460
479 461
479 462
479 462
479 463
479 464
478 465
478 466
478 467
478 468
478 469
478 470
478 471
477 471
477 472
477 473
477 474
477 475
477 476
477 476
477 477
477 478
477 479
477 480
476 480
476 481
476 482
476 483
476 484
476 484
476 485
476 486
476 487
476 488
475 488
475 489
475 490
475 491
475 491
475 492
475 493
475 493
475 494
475 495
475 496
475 496
475 497
475 498
475 498
475 499
475 500
475 500
475 501
475 502
475 503
474 503
474 504
474 505
474 506
474 506
474 507
473 508
473 509
473 509
473 510
473 511
473 512
473 512
473 513
473 514
472 515
472 516
472 516
472 517
472 518
472 519
472 519
472 520
472 521
472 522
472 522
472 523
472 524
472 525
472 525
472 526
472 527
471 528
471 528
471 529
471 530
471 531
471 531
470 532
470 533
470 534
470 534
470 535
470 536
470 537
470 537
470 538
470 539
470 540
470 541
470 541
470 542
470 543
470 544
470 545
470 545
470 546
470 547
469 548
469 549
469 549
469 550
469 551
469 551
469 552
469 553
469 553
469 554
469 555
469 555
469 556
468 557
468 557
468 558
468 558
468 559
468 559
468 560
468 560
467 561
467 561
467 562
467 562
466 563
466 563
466 564
466 564
466 565
466 565
466 566
466 566
466 567
465 567
466 567
465 568
465 568
465 569
465 569
465 569
465 569
465 570
465 570
465 571
465 571
465 571
465 572
465 572
465 572
465 572
464 573
464 573
464 573
464 573
464 573
465 574
465 574
465 574
464 574
465 574
465 574
465 574
465 574
465 575
465 575
465 575
465 575
465 575
465 575
465 575
465 575
465 575
465 575
465 575
465 575
465 575
465 575
465 575
465 575
465 575
465 575
465 575
465 575
465 575
465 575
465 575
465 575
464 575
464 575
464 575
464 575
464 575