359 165
359 165
359 165
359 165
359 165
359 165
359 165
360 165
360 165
360 165
360 165
360 165
360 165
360 165
360 165
360 164
360 164
360 164
360 164
360 164
360 164
360 164
360 164
360 164
360 164
360 164
360 164
360 164
360 164
360 164
360 164
360 164
360 164
360 164
360 164
360 164
360 164
360 163
360 163
360 163
360 163
360 163
360 163
360 163
360 163
360 163
360 163
360 163
360 163
360 163
360 163
360 163
360 163
360 163
360 163
360 163
360 162
360 162
360 162
360 162
360 162
360 162
360 162
360 162
360 162
360 162
360 162
360 162
360 162
360 162
360 162
360 162
360 162
360 162
360 162
360 162
360 162
360 162
360 162
360 162
360 162
360 162
360 162
360 161
360 161
360 161
360 161
360 161
360 161
360 161
360 161
360 161
361 161
361 161
361 161
361 161
361 161
361 161
361 161
361 161
361 161
361 161
361 161
361 160
361 160
361 160
361 160
361 160
361 160
361 160
361 160
361 160
361 160
361 160
361 160
361 159
361 159
361 159
361 159
361 159
361 159
361 159
361 159
361 159
361 159
361 158
361 158
361 158
361 158
361 158
361 158
360 158
360 158
360 158
360 158
360 157
360 157
360 157
360 157
360 157
360 157
360 156
360 156
360 156
359 156
359 156
359 156
359 155
359 155
359 155
359 155
360 154
360 154
360 154
360 154
360 153
360 153
360 153
360 153
360 153
361 153
361 152
361 152
361 152
361 152
361 152
361 152
361 152
361 152
361 152
361 152
361 152
361 152
361 152
361 152
361 152
361 152
361 152
361 152
361 151
361 151
361 151
361 151
361 151
360 151
360 151
360 151
360 151
360 151
360 151
360 151
360 151
359 151
359 151
359 151
359 151
359 151
359 151
359 151
358 151
358 152
358 152
358 152
358 152
358 152
357 152
357 152
357 152
357 152
357 152
357 152
357 152
356 152
356 152
356 152
356 152
356 152
356 152
356 152
356 151
356 151
356 151
356 151
356 151
356 151
356 150
356 150
356 150
356 150
356 150
356 149
356 149
356 149
356 149
356 148
356 148
356 148
356 148
356 148
356 147
356 147
356 147
356 147
356 147
356 146
356 146
357 146
357 146
357 146
357 146
357 145
357 145
357 145
357 145
357 144
357 144
357 144
357 144
357 144
357 144
357 143
357 143
357 143
357 143
357 143
357 143
357 143
357 142
357 142
357 142
357 142
357 142
357 142
357 142
357 142
357 142
358 141
358 141
358 141
358 141
358 141
358 141
358 141
359 140
359 140
359 140
359 140
359 140
360 139
360 139
360 139
360 139
360 139
360 139
361 139
361 138
361 138
361 138
361 138
362 138
362 137
362 137
362 137
363 137
363 136
363 136
363 136
364 135
364 135
364 135
364 134
365 134
365 134
365 134
365 133
366 133
366 133
366 133
367 132
367 132
367 132
367 131
368 131
368 131
369 130
369 130
369 130
370 129
370 129
370 129
370 128
371 128
371 128
371 127
371 127
372 127
372 126
372 126
372 126
373 125
373 125
373 125
374 124
374 124
374 123
375 123
375 123
376 122
376 122
377 121
377 121
378 120
378 120
379 120
379 119
379 119
380 119
380 118
381 118
381 117
382 117
382 117
383 116
383 116
383 116
384 115
384 115
385 115
385 114
386 114
386 114
387 113
387 113
388 113
388 113
389 112
389 112
390 112
390 111
391 111
392 111
392 110
393 110
393 110
393 109
394 109
394 109
395 108
395 108
396 108
396 107
397 107
397 107
398 106
398 106
399 106
399 105
400 105
400 105
401 104
401 104
402 104
402 104
403 103
403 103
404 103
405 102
405 102
406 102
406 101
406 101
407 101
407 100
408 100
408 99
408 99
409 99
409 98
410 98
410 98
410 97
411 97
411 97
412 96
412 96
413 96
413 95
414 95
414 95
415 94
415 94
416 93
416 93
417 92
417 92
418 91
419 91
419 90
420 90
420 89
421 89
421 88
422 88
423 87
423 87
424 87
425 86
425 86
426 85
427 85
427 84
428 84
429 84
430 83
430 83
431 82
432 82
432 81
433 81
434 81
435 80
435 80
436 79
437 79
437 79
438 78
439 78
440 78
440 77
441 77
442 77
442 76
443 76
444 76
445 75
445 75
446 74
447 74
447 74
448 73
449 73
449 72
450 72
451 71
451 71
452 71
452 70
453 70
454 70
454 69
455 69
455 69
456 69
456 68
456 68
457 68
457 68
458 67
458 67
458 67
459 67
459 66
460 66
460 66
460 66
461 66
461 66
462 65
462 65
463 65
463 65
464 65
464 65
465 65
465 65
466 65
466 64
467 64
467 64
468 64
468 64
469 63
469 63
470 63
470 63
471 62
471 62
472 62
472 62
473 62
473 61
474 61
475 61
475 61
476 61
476 60
477 60
477 60
478 60
479 60
479 60
479 60
480 59
480 59
481 59
481 59
481 59
482 59
482 59
482 59
482 59
483 59
483 59
483 59
484 59
484 59
484 59
485 59
485 59
485 59
485 59
486 59
486 59
486 59
486 59
487 59
487 59
487 59
487 60
488 60
488 60
488 60
488 60
489 60
489 60
489 60
490 60
490 60
491 60
491 60
492 60
492 60
493 60
494 60
494 60
495 60
495 60
496 60
496 60
497 60
497 60
498 60
498 60
499 61
499 61
500 61
500 61
501 61
501 61
502 61
502 61
502 61
503 61
503 61
504 61
504 61
505 61
505 61
506 60
506 60
507 60
507 60
508 60
508 60
509 60
509 60
510 60
511 60
511 60
512 60
512 60
513 60
513 59
514 59
514 59
515 59
515 59
516 58
517 58
517 58
518 58
518 58
519 58
519 58
520 58
520 57
521 57
522 57
522 57
523 57
523 57
524 57
525 56
525 56
526 56
526 56
527 56
527 56
528 55
528 55
529 55
529 55
530 55
530 55
531 55
531 55
532 55
532 55
533 54
533 54
534 54
534 54
535 54
535 54
536 54
536 53
537 53
538 53
538 53
539 53
540 53
540 53
541 53
541 53
542 53
543 53
543 53
544 53
544 53
545 53
546 53
546 53
547 53
548 53
548 53
549 53
550 53
550 53
551 53
551 53
552 53
553 53
553 53
554 53
554 53
555 53
555 53
556 53
556 53
557 53
557 53
558 54
558 54
558 54
559 54
559 54
560 54
560 54
561 54
561 55
562 55
562 55
563 55
563 55
564 56
565 56
565 56
566 56
566 56
567 57
568 57
568 57
569 57
570 57
570 58
571 58
572 58
572 58
573 58
574 58
574 59
575 59
576 59
576 59
577 59
578 60
578 60
579 60
580 60
580 61
581 61
581 61
582 61
582 61
583 62
583 62
584 62
584 62
585 62
585 63
586 63
586 63
587 64
587 64
587 64
588 65
588 65
589 65
589 66
589 66
590 66
590 67
590 67
591 67
591 67
592 68
592 68
592 68
593 69
593 69
593 69
594 69
594 70
594 70
595 70
595 71
595 71
596 71
596 71
596 72
597 72
597 72
597 72
598 73
598 73
598 73
599 73
599 73
599 74
600 74
600 74
601 74
601 75
601 75
602 75
602 76
602 76
603 76
603 77
603 77
603 78
604 78
604 79
604 79
604 80
605 80
605 81
605 81
605 82
605 82
606 83
606 83
606 84
606 84
607 85
607 85
607 86
608 87
608 87
608 88
608 88
609 89
609 90
609 90
609 91
610 91
610 92
610 93
610 93
610 94
611 95
611 95
611 96
611 97
611 97
612 98
612 99
612 100
612 100
612 101
612 102
613 102
613 103
613 104
613 105
613 105
613 106
613 107
613 107
613 108
613 109
613 110
613 110
613 111
613 112
613 113
613 114
613 114
613 115
613 116
613 117
613 117
614 118
614 119
614 119
614 120
614 121
615 121
615 122
615 123
615 123
615 124
615 125
616 125
616 126
616 127
616 127
617 128
617 129
617 129
617 130
618 131
618 131
618 132
618 133
619 133
619 134
619 135
619 135
620 136
620 136
620 137
620 138
620 138
620 139
620 140
620 140
620 141
621 142
621 142
621 143
621 144
621 145
621 145
621 146
621 147
621 148
621 148
621 149
620 150
620 151
620 152
620 152
620 153
620 154
620 155
620 156
620 156
620 157
620 158
620 159
620 160
620 160
620 161
619 162
619 163
619 164
619 164
619 165
619 166
618 167
618 168
618 168
618 169
617 170
617 171
617 172
617 173
616 173
616 174
616 175
616 176
615 176
615 177
615 178
615 178
615 179
614 180
614 180
614 181
614 182
613 182
613 183
613 183
613 184
612 185
612 185
612 186
611 187
611 188
610 188
610 189
610 190
609 191
609 192
608 192
608 193
607 194
607 195
606 195
606 196
606 197
605 198
605 198
604 199
604 200
603 201
603 201
602 202
602 203
601 204
601 204
600 205
600 206
599 206
599 207
599 208
598 208
598 209
597 210
597 210
597 211
596 212
596 212
595 213
595 214
595 214
594 215
594 216
593 216
593 217
592 218
592 218
591 219
591 220
591 220
590 221
590 221
589 222
589 223
589 223
588 224
588 224
588 225
588 225
587 226
587 226
587 227
587 227
586 228
586 228
586 229
585 229
585 230
585 230
584 231
584 231
583 232
583 232
582 233
582 233
581 234
581 234
580 235
580 235
579 236
579 236
579 237
578 238
578 238
577 239
577 239
576 240
576 240
575 241
575 241
574 242
574 242
573 243
573 243
572 244
571 244
571 245
570 246
570 246
569 247
569 247
568 248
568 249
567 249
567 250
566 250
566 251
565 252
565 252
564 253
564 254
563 254
563 255
562 256
562 256
561 257
561 257
560 258
560 259
559 259
558 260
558 260
557 261
556 262
556 262
555 263
554 264
554 265
553 265
552 266
552 267
551 267
550 268
550 269
549 269
548 270
548 271
547 271
546 272
546 273
545 273
544 274
543 275
543 275
542 276
542 276
541 277
540 278
540 278
539 279
539 280
538 281
537 281
537 282
536 283
536 284
535 284
535 285
534 286
534 287
534 287
533 288
533 289
532 290
532 291
531 291
531 292
530 293
529 294
529 295
528 296
527 297
527 297
526 298
525 299
525 300
524 301
524 302
523 303
522 304
522 305
521 306
520 307
520 308
519 308
518 309
518 310
517 311
517 312
516 313
516 314
515 315
515 316
514 317
514 318
514 318
513 319
513 320
513 321
512 322
512 323
512 323
512 324
511 325
511 326
511 327
511 327
510 328
510 329
510 330
510 331
510 331
509 332
509 333
509 334
509 334
509 335
508 336
508 337
508 337
508 338
507 339
507 339
507 340
507 341
506 341
506 342
506 343
505 343
505 344
505 345
505 346
504 346
504 347
503 348
503 348
503 349
502 350
502 351
502 352
502 352
501 353
501 353
501 354
501 355
501 355
501 356
501 357
501 357
501 358
501 358
501 359
501 359
501 360
501 360
501 361
501 362
501 362
501 363
501 363
501 364
500 365
500 365
500 366
500 366
500 367
500 367
500 368
499 369
499 369
499 370
499 370
499 371
498 371
498 372
497 372
497 373
497 373
496 374
496 374
495 375
495 375
495 376
494 376
494 377
494 377
493 378
493 378
492 379
492 379
492 379
492 380
492 380
491 380
491 380
491 381
490 381
490 381
490 381
489 382
489 382
489 382
488 382
488 382
488 383
487 383
487 383
487 383
486 384
486 384
486 384
485 384
485 384
484 385
484 385
484 385
483 385
483 385
483 385
482 385
482 385
482 385
482 385
481 385
481 385
481 385
481 385
480 385
480 384
480 384
480 384
479 384
479 384
479 384
478 384
478 384
478 384
477 384
477 384
476 384
476 384
475 384
475 384
475 384
474 384
474 384
473 384
473 383
472 383
472 383
472 383
471 383
471 383
470 382
469 382
469 382
468 382
468 381
467 381
467 381
466 381
466 380
465 380
465 380
464 379
464 379
464 379
463 378
463 378
463 378
462 377
462 377
462 377
462 376
462 376
462 375
462 375
461 375
461 374
461 374
461 374
461 373
461 373
461 372
461 372
460 371
460 371
460 370
460 370
460 370
460 369
460 369
461 368
461 368
461 367
461 367
461 366
461 366
461 365
461 365
461 364
461 363
461 363
461 362
461 362
461 361
461 361
461 360
461 360
462 359
462 359
462 358
462 357
462 357
462 356
462 355
462 355
462 354
462 354
462 353
462 352
462 352
462 351
462 351
462 350
462 350
462 349
462 348
462 348
463 347
463 347
463 346
463 345
463 345
463 344
463 344
464 343
464 342
464 342
464 341
464 340
464 340
464 339
464 339
464 338
465 338
465 337
465 337
465 336
465 336
465 335
465 335
465 334
465 333
465 333
465 332
465 332
465 331
465 331
465 330
465 329
465 329
465 328
465 328
465 327
465 326
466 326
466 325
466 324
466 324
466 323
466 322
466 322
466 321
466 320
466 320
466 319
466 319
467 318
467 317
467 317
467 316
467 315
467 315
467 314
468 314
468 313
468 312
468 312
469 311
469 310
470 309
470 309
470 308
470 307
471 307
471 306
471 305
472 305
472 304
472 303
473 303
473 302
473 302
473 301
474 301
474 300
474 300
474 299
475 299
475 298
475 298
476 297
476 297
476 296
476 296
477 295
477 294
478 294
478 293
478 292
479 292
479 291
480 290
480 290
481 289
481 288
482 288
482 287
483 286
483 286
484 285
484 284
485 284
485 283
486 282
486 282
487 281
488 280
488 280
489 279
489 279
490 278
490 277
491 277
491 276
492 275
492 275
492 274
493 274
493 273
494 273
494 272
495 272
495 271
496 271
496 270
497 269
497 269
498 268
498 268
499 267
499 267
500 266
500 266
500 265
501 265
501 264
502 264
502 263
502 263
503 262
503 262
503 261
504 261
504 260
505 260
505 259
506 259
506 259
507 258
507 258
508 257
509 257
509 256
510 256
510 255
510 255
511 255
511 254
511 254
511 253
512 253
512 253
512 252
513 252
513 252
513 251
513 251
513 251
514 250
514 250
514 249
514 249
515 249
515 248
515 248
515 248
516 247
516 247
516 247
516 246
516 246
516 246
517 245
517 245
517 244
517 244
518 244
518 243
518 243
518 243
519 242
519 242
520 241
520 241
520 241
521 240
521 240
522 240
522 239
523 239
523 238
524 238
524 238
525 237
525 237
525 236
526 236
526 236
526 235
527 235
527 234
528 234
528 233
528 233
529 232
529 232
530 231
530 231
531 230
531 230
532 229
532 228
533 228
534 227
534 227
535 226
535 225
536 225
536 224
537 224
537 223
538 222
538 222
538 221
539 221
539 220
540 220
540 219
540 219
541 218
541 218
541 217
542 217
542 216
543 216
543 216
543 215
544 215
544 215
545 214
545 214
546 213
546 213
547 213
547 212
548 212
548 211
549 211
549 210
550 210
550 210
550 209
551 209
551 208
552 207
552 207
553 206
553 206
554 205
554 204
555 204
555 203
556 203
556 202
557 201
557 200
557 200
558 199
558 198
559 198
559 197
560 196
560 196
561 195
561 195
561 194
562 193
562 193
563 192
563 192
563 191
564 190
564 190
565 189
565 188
565 188
566 187
566 186
566 186
567 185
567 184
567 184
568 183
568 182
568 181
568 181
569 180
569 179
569 179
569 178
569 177
569 176
570 176
570 175
570 174
570 173
570 172
570 172
570 171
570 170
570 169
570 168
570 168
570 167
570 166
570 165
570 164
570 164
570 163
571 162
571 161
571 160
571 160
571 159
571 158
571 157
571 156
571 156
571 155
571 154
571 153
571 152
571 151
571 151
571 150
571 149
571 148
571 147
570 146
570 146
570 145
570 144
570 143
570 143
570 142
569 141
569 140
569 139
569 139
569 138
569 137
568 136
568 136
568 135
568 134
567 134
567 133
567 132
567 132
566 131
566 130
566 130
565 129
565 129
565 128
565 128
564 127
564 126
564 126
564 125
564 125
564 124
564 123
564 123
563 122
563 122
563 122
563 121
563 121
562 120
562 120
562 119
562 119
562 118
561 118
561 117
561 117
560 116
560 116
560 115
559 115
559 114
559 114
558 114
558 113
558 113
557 112
557 112
556 112
556 111
555 111
555 111
554 110
554 110
553 110
553 109
552 109
552 108
551 108
550 108
550 107
549 107
549 106
548 106
548 105
547 105
547 105
546 104
546 104
545 103
545 103
544 103
543 102
542 102
542 102
541 102
540 101
540 101
539 101
538 100
538 100
537 100
536 99
535 99
535 99
534 99
533 98
532 98
532 98
531 98
530 97
530 97
529 97
528 97
527 97
526 96
526 96
525 96
524 96
523 96
523 95
522 95
521 95
520 95
519 94
519 94
518 94
517 93
517 93
516 93
515 93
515 93
514 93
514 93
513 93
512 93
512 92
511 92
510 92
510 92
509 92
508 92
508 92
507 92
506 92
505 92
505 92
504 92
503 92
503 93
502 93
501 93
500 93
500 93
499 93
498 93
497 94
497 94
496 94
495 94
494 94
493 94
492 94
491 95
491 95
490 95
489 95
488 95
487 96
486 96
486 96
485 96
484 97
483 97
482 97
482 97
481 97
480 98
479 98
479 98
478 98
477 99
476 99
476 99
475 100
474 100
473 101
472 101
472 101
471 102
470 102
469 103
468 103
467 104
466 104
465 105
464 105
463 106
463 106
462 107
461 108
460 108
459 109
459 109
458 110
457 110
457 111
456 111
455 112
455 112
454 113
454 113
453 114
452 115
452 115
451 115
451 116
450 117
450 117
449 117
449 118
448 119
448 119
447 120
446 120
446 121
445 121
445 122
444 122
443 123
443 123
442 124
442 124
441 125
441 125
440 126
440 126
439 127
439 127
438 128
437 128
437 129
436 129
436 130
435 130
434 131
434 131
433 132
433 132
432 133
432 133
431 134
431 134
430 135
429 135
429 136
428 136
428 137
428 137
427 138
427 138
426 139
426 139
425 140
425 140
425 141
424 142
424 142
423 143
423 144
422 144
422 145
422 146
421 147
421 147
420 148
420 149
419 150
419 150
419 151
418 152
418 153
417 153
417 154
417 155
416 155
416 156
416 157
415 158
415 158
415 159
415 160
414 161
414 161
414 162
414 163
414 163
414 164
413 165
413 166
413 166
413 167
413 168
413 168
413 169
413 170
413 171
413 171
413 172
413 173
412 174
412 174
412 175
412 176
412 176
412 177
412 178
412 178
412 179
412 180
411 180
411 181
411 181
411 182
411 182
411 183
411 183
410 184
410 184
410 185
410 185
409 186
409 186
409 186
408 187
408 187
408 188
407 188
407 189
407 189
406 189
406 190
406 190
406 191
405 191
405 192
405 192
404 192
404 193
404 193
403 194
403 194
402 194
402 195
401 195
401 195
400 196
399 196
399 196
398 197
398 197
397 197
396 198
396 198
395 198
395 198
394 199
394 199
393 199
393 199
392 199
392 199
391 199
391 200
390 200
390 200
390 200
389 200
388 200
388 200
387 201
387 201
386 201
386 201
385 201
384 201
383 201
383 201
382 202
381 202
380 202
379 202
379 202
378 202
377 202
376 202
376 202
375 201
374 201
373 201
373 201
372 201
371 201
371 200
370 200
369 200
369 200
368 199
367 199
367 199
366 199
366 198
365 198
364 198
364 198
363 197
363 197
362 197
362 196
361 196
361 196
361 195
360 195
360 195
360 194
360 194
359 194
359 193
359 193
359 193
359 192
359 192
359 192
358 191
358 191
358 191
358 190
357 190
357 190
357 189
357 189
357 189
357 188
356 188
356 188
356 188
356 187
356 187
356 187
356 186
356 186
356 186
356 186
356 185
355 185
355 185
355 184
355 184
355 184
355 184
355 183
355 183
355 183
355 182
355 182
355 182
355 182
355 181
355 181
355 181
355 181
355 181
355 180
356 180
356 180
356 180
356 179
356 179
356 179
356 179
356 179
356 179
356 178
356 178
356 178
357 178
357 178
357 177
357 177
357 177
357 177
357 177
357 177
357 177
357 176
357 176
358 176
358 176
358 176
358 176
358 176
358 176
358 176
358 176
358 176
358 176
358 176
359 176
359 176
359 176
359 176
359 176
359 176
359 176
359 176
359 176
360 176
360 176
360 176
360 176
359 176
359 176
359 176
359 176
359 176
359 176
359 176
359 176
359 176
359 176
359 176
359 176
359 176
359 175
359 175
359 175
358 175
358 175
358 174
358 174
358 174
358 174
358 174
358 174
357 173
357 173
357 173
357 173
357 173
357 173
357 172
357 172
357 172
357 172
356 172
356 172
356 171
356 171
356 171
356 171
356 171
356 171
356 171
356 171
356 171
356 171
356 170
356 170
356 170
356 170
356 170
356 170
356 170
356 170
356 169
356 169
356 169
356 169
355 169
355 169
355 169
355 169
355 169
355 169
355 169
355 168
354 168
354 168
354 168
354 168
354 168
354 168
354 169
354 169
354 169
354 169
354 169
354 170
354 170
354 170
354 171
354 171
354 172
354 172
354 173
354 173
354 174
353 174
353 175
353 176
353 177
353 177
353 178
353 179
353 180
353 181
353 181
353 182
353 183
352 184
352 185
352 186
352 187
352 188
352 189
352 190
352 192
352 193
352 194
351 195
351 197
351 198
351 199
351 201
467 377
467 377
467 378
467 378
467 378
467 378
467 378
467 378
467 379
467 379
467 379
467 380
467 380
466 380
466 381
466 381
466 381
466 382
466 382
465 382
465 382
465 383
465 383
465 383
465 383
465 384
465 384
465 384
465 384
465 385
465 385
465 385
465 385
465 385
465 385
465 385
465 385
465 385
465 386
464 386
464 386
464 386
464 386
464 386
464 386
464 387
463 387
463 387
463 387
463 387
463 388
463 388
463 388
464 388
464 389
464 389
464 389
465 390
465 390
465 390
465 391
465 391
466 391
466 392
466 392
466 392
466 393
466 393
466 393
466 393
466 394
466 394
466 394
466 395
466 395
466 395
466 395
466 396
465 396
465 396
465 397
464 397
464 397
464 398
464 398
463 398
463 399
463 399
463 399
462 399
462 400
462 400
462 400
462 400
462 400
462 401
461 401
461 401
461 401
461 401
461 402
461 402
461 402
461 402
461 402
461 402
461 403
461 403
461 403
461 404
461 404
461 404
461 405
461 405
461 406
461 406
461 407
462 407
462 407
462 408
462 408
462 408
462 408
462 409
462 409
462 409
462 409
462 409
463 409
463 409
463 409
463 409
463 409
463 409
463 409
464 409
464 409
464 409
464 409
465 409
465 409
465 409
465 409
466 409
466 409
466 409
466 409
466 409
467 409
467 409
467 409
467 409
467 409
467 409
467 409
467 409
467 409
467 408
467 408
467 408
467 408
467 408
467 408
467 408
467 407
467 407
467 407
467 407
468 407
468 407
468 407
468 406
468 406
468 406
468 406
468 406
468 406
469 406
469 406
469 406
469 405
469 405
469 405
469 405
469 405
469 405
469 405
470 405
470 404
470 404
469 404
470 404
470 404
470 404
470 404
470 403
470 403
470 403
470 403
470 403
470 403
470 403
471 402
471 402
471 402
471 402
472 402
472 402
472 402
472 401
473 401
473 401
473 401
473 401
474 401
474 401
474 400
474 400
475 400
475 400
476 400
476 400
476 399
477 399
477 399
478 399
478 399
479 398
480 398
480 398
481 398
482 397
482 397
483 397
483 397
484 397
484 397
485 396
485 396
486 396
486 396
487 396
487 396
488 396
488 395
489 395
489 395
489 395
490 395
490 395
490 395
491 395
491 395
492 395
492 395
492 395
493 395
493 395
494 394
494 394
494 394
495 394
495 394
495 394
496 394
496 394
496 394
496 394
497 394
497 394
497 394
497 394
498 394
498 394
498 395
498 395
498 395
498 395
498 395
498 395
498 395
498 395
498 395
499 395
499 396
499 396
499 396
499 396
499 396
500 396
500 396
500 396
500 396
501 396
501 396
501 396
502 396
502 396
503 396
503 396
503 396
504 396
504 396
505 396
505 396
505 396
506 396
506 396
506 397
506 397
506 397
506 397
507 397
507 397
507 398
507 398
507 398
507 398
508 398
508 399
508 399
508 399
508 399
509 400
509 400
509 400
509 400
509 401
509 401
509 401
509 401
510 402
510 402
510 402
510 402
510 403
510 403
511 403
511 404
511 404
512 404
512 404
512 405
513 405
513 406
513 406
513 406
514 407
514 407
514 408
514 409
514 409
514 410
515 410
515 411
515 411
515 412
515 412
515 413
515 413
515 414
515 415
515 415
515 416
515 416
515 417
515 417
516 418
516 418
516 419
516 419
516 420
516 420
516 420
516 421
516 421
516 421
516 422
516 422
516 423
516 423
516 423
516 424
516 424
516 425
516 425
516 425
516 426
516 426
516 427
516 427
516 427
516 428
516 428
516 428
516 429
516 429
516 429
515 429
515 430
515 430
515 430
515 431
515 431
515 431
515 431
515 432
515 432
514 432
514 433
514 433
514 433
514 434
513 434
513 434
513 435
513 435
512 435
512 436
512 436
511 436
511 437
511 437
510 437
510 438
509 438
508 439
508 439
507 439
507 440
506 440
506 440
505 441
505 441
504 441
504 441
503 442
503 442
502 442
502 442
501 442
501 442
500 443
500 443
499 443
499 443
499 443
498 443
498 443
498 443
497 443
497 443
497 443
496 443
496 443
496 443
495 444
495 444
494 444
494 444
493 444
493 444
492 444
492 445
491 445
491 445
490 445
490 445
489 445
489 446
488 446
488 446
487 446
487 446
486 446
486 446
485 446
485 446
484 446
484 446
484 446
483 446
483 446
483 446
482 446
482 446
482 446
482 446
481 446
481 445
481 445
481 445
481 445
481 445
480 445
480 445
480 444
480 444
479 444
479 444
479 444
478 444
478 444
477 444
477 444
476 444
476 444
476 444
475 444
475 444
474 444
474 443
474 443
473 443
473 443
473 443
472 443
472 443
472 443
471 442
471 442
471 442
470 442
470 442
470 441
469 441
469 441
469 441
469 440
468 440
468 440
468 440
468 439
468 439
468 439
467 438
467 438
467 438
467 437
467 437
467 436
467 436
467 436
467 435
466 435
466 435
466 434
466 434
466 434
466 434
465 433
465 433
465 433
464 433
464 432
464 432
464 432
463 432
463 432
462 432
462 431
462 431
461 431
461 431
461 431
461 430
460 430
460 430
460 430
460 430
460 430
459 429
459 429
459 429
459 429
459 429
459 429
458 428
458 428
458 428
458 428
458 427
458 427
458 427
458 427
458 426
458 426
458 426
457 426
457 426
457 425
457 425
457 425
457 425
457 425
457 424
457 424
457 424
457 424
457 424
457 423
457 423
457 423
457 423
457 422
457 422
457 422
458 421
458 421
458 421
458 420
458 420
458 420
458 419
458 419
458 418
458 418
458 418
458 417
458 417
458 417
458 416
458 416
458 415
458 415
458 415
458 414
458 414
459 414
459 413
459 413
459 413
459 413
459 412
459 412
459 412
459 411
459 411
459 411
459 411
459 410
459 410
459 410
460 410
460 409
460 409
460 409
460 409
460 409
460 408
460 408
460 408
460 408
460 408
460 408
460 408
460 407
460 407
460 407
460 407
460 407
460 407
461 407
461 407
461 407
461 407
461 406
462 406
462 406
462 406
462 406
463 406
463 406
463 405
463 405
464 405
464 405
464 405
464 405
465 404
465 404
465 404
465 404
465 404
465 404
465 404
465 404
466 404
466 404
466 403
466 403
466 403
466 403
466 403
466 403
467 403
467 403
467 403
467 403
468 403
468 403
468 403
468 403
468 403
468 403
469 403
469 403
469 403
469 403
469 403
470 403
470 403
470 403
470 403