367 177
367 177
367 178
367 178
367 178
367 178
367 178
367 178
367 178
367 178
367 179
367 179
367 179
367 179
367 179
367 179
367 179
367 180
367 180
367 180
367 180
367 180
367 181
367 181
367 181
367 181
367 181
368 182
368 182
368 182
368 182
368 182
367 182
367 182
367 182
367 183
367 183
367 183
367 183
367 183
367 183
367 183
367 183
367 184
368 184
368 184
368 184
368 184
368 184
368 184
368 185
368 185
368 185
368 185
368 185
369 185
369 185
369 186
369 186
369 186
369 186
369 186
369 186
369 186
369 187
369 187
369 187
370 187
370 187
370 187
370 188
370 188
370 188
370 188
370 188
370 188
370 189
370 189
370 189
370 189
370 189
370 189
370 189
371 189
371 189
371 189
371 190
371 190
371 190
371 190
371 190
371 190
371 190
371 191
371 191
371 191
371 191
371 191
371 191
371 192
371 192
371 192
371 192
371 192
371 193
371 193
371 193
371 193
371 193
371 194
371 194
371 194
371 194
371 195
371 195
371 195
371 195
371 196
371 196
371 196
371 196
371 196
371 196
371 197
371 197
371 197
371 197
371 197
371 197
371 198
371 198
371 198
371 198
372 198
372 198
372 198
372 198
372 198
372 198
372 198
372 198
372 198
372 198
372 198
372 198
372 198
372 198
372 199
372 199
372 199
372 199
372 199
372 199
372 199
372 199
372 199
372 199
372 200
372 200
372 200
372 200
372 200
372 200
373 200
373 201
373 201
373 201
373 201
373 201
373 201
373 202
373 202
374 202
374 202
374 203
374 203
374 203
374 203
374 204
374 204
374 204
374 204
374 205
374 205
374 205
375 205
375 205
375 206
375 206
375 206
375 206
375 206
375 207
375 207
375 207
375 207
375 208
375 208
375 208
375 208
375 208
375 209
375 209
375 209
375 209
375 209
375 210
375 210
375 210
376 210
376 211
376 211
376 211
376 211
376 212
376 212
376 212
376 213
377 213
377 213
377 213
377 214
377 214
377 215
377 215
377 215
377 216
377 216
378 216
378 217
378 217
378 217
378 218
378 218
378 218
378 219
378 219
378 219
378 220
378 220
378 221
378 221
378 221
378 222
378 222
378 222
378 223
379 223
379 224
379 224
379 224
379 225
379 225
379 225
380 226
380 226
380 226
380 227
380 227
380 227
381 228
381 228
381 228
381 229
381 229
381 230
382 230
382 231
382 231
382 231
382 232
382 232
382 233
382 233
382 233
383 234
383 234
383 234
383 235
383 235
383 235
383 236
383 236
383 236
383 237
384 237
384 238
384 238
384 238
384 239
384 239
384 240
384 240
385 240
385 241
385 241
385 241
385 242
385 242
385 243
386 243
386 243
386 243
386 244
386 244
387 244
387 245
387 245
387 246
387 246
387 246
387 247
387 247
387 248
387 248
388 249
388 249
388 250
388 250
387 251
387 251
388 251
388 252
388 252
388 252
388 253
388 253
388 254
388 254
388 254
388 255
388 255
388 255
388 256
388 256
388 256
389 257
389 257
389 258
389 258
389 258
389 259
389 259
389 260
389 260
389 260
389 260
389 261
389 261
389 261
389 262
389 262
389 262
389 263
389 263
390 263
390 264
390 264
390 264
390 265
390 265
390 265
390 265
389 266
389 266
389 266
389 267
389 267
389 267
389 268
390 268
390 268
390 269
390 269
390 269
390 269
390 270
390 270
390 270
390 270
390 271
390 271
390 271
390 271
391 272
391 272
391 272
391 273
391 273
391 274
392 274
392 274
392 275
392 275
392 276
392 276
392 277
393 277
393 277
393 278
393 278
393 278
394 279
394 279
394 280
394 280
394 280
394 281
395 281
395 281
395 282
395 282
395 282
395 283
395 283
395 283
395 284
396 284
396 284
396 285
396 285
396 285
396 286
396 286
396 286
396 287
396 287
396 287
397 288
397 288
397 288
397 289
397 289
397 289
397 290
397 290
397 291
397 291
397 292
397 292
397 292
397 293
397 293
397 294
397 294
397 295
398 295
398 295
398 296
398 296
398 297
398 297
398 297
399 298
399 298
399 299
399 299
399 299
399 300
399 300
399 301
399 301
399 301
399 302
399 302
399 302
399 303
399 303
400 303
400 304
400 304
400 304
400 305
400 305
400 305
400 306
400 306
400 306
400 306
401 307
401 307
401 307
401 308
401 308
401 308
402 308
402 309
402 309
402 309
402 310
402 310
402 310
402 311
402 311
402 311
402 312
402 312
403 312
403 312
403 313
403 313
403 313
403 314
403 314
403 314
403 314
403 315
403 315
403 315
404 315
404 316
404 316
404 316
404 316
404 316
404 317
404 317
404 317
404 318
404 318
404 318
404 318
403 319
403 319
403 319
403 319
403 320
403 320
403 320
404 320
404 321
404 321
404 321
404 321
404 322
404 322
405 322
405 322
405 323
405 323
405 323
405 323
405 323
406 323
406 324
406 324
406 324
406 324
407 324
407 324
407 324
407 325
407 325
407 325
407 325
408 325
408 325
408 325
408 326
408 326
408 326
409 326
409 326
409 326
409 326
409 326
409 327
409 327
409 327
409 327
409 327
409 327
410 328
410 328
410 328
410 328
410 328
410 328
410 328
410 329
410 329
410 329
410 329
411 329
411 329
411 329
411 329
411 329
411 329
411 329
411 329
411 329
412 329
412 329
412 329
412 329
412 329
412 330
412 330
413 330
413 330
413 330
413 330
414 330
414 330
414 330
415 330
415 330
415 330
416 330
416 330
416 330
417 330
417 330
418 330
418 330
419 330
419 330
420 331
420 331
421 331
421 331
421 331
422 331
422 331
423 331
423 331
423 331
424 331
424 331
424 331
425 331
425 331
425 331
425 331
426 331
426 331
426 330
426 330
427 330
427 330
427 330
428 330
428 330
429 330
429 330
429 330
430 330
430 330
430 330
431 330
431 330
432 330
432 330
432 330
433 330
433 330
434 330
434 330
435 330
435 330
436 330
436 330
437 330
437 330
438 330
438 330
439 330
439 330
440 330
440 330
440 330
441 330
441 330
442 330
442 330
443 330
443 330
443 330
444 330
444 330
445 330
445 330
446 330
446 330
446 330
447 330
447 329
448 329
448 329
448 329
449 329
449 329
449 329
450 329
450 329
450 328
451 328
451 328
452 328
452 328
452 328
453 328
453 328
454 328
454 328
454 328
455 328
455 328
455 328
456 328
456 328
456 328
456 328
457 328
457 328
457 328
458 328
458 328
458 328
459 328
459 328
459 328
459 328
459 328
460 328
460 328
460 328
461 328
461 327
461 327
462 327
462 327
463 327
463 327
463 327
464 327
464 327
465 327
465 327
466 327
466 327
466 327
467 327
467 327
468 327
468 327
469 327
469 327
469 327
470 327
470 327
471 327
471 327
471 327
472 327
472 327
473 327
473 327
473 327
474 327
474 327
475 327
475 327
475 327
476 327
476 327
477 326
477 326
477 326
478 326
478 326
479 326
479 326
479 326
480 326
480 326
480 326
481 326
481 326
481 325
482 325
482 325
483 325
483 325
483 325
484 325
484 325
484 325
485 325
485 325
485 325
486 325
486 325
487 325
487 325
487 325
488 325
488 325
489 325
489 324
490 324
490 324
491 324
491 324
492 324
492 324
493 324
494 324
494 324
495 324
496 324
496 324
497 324
497 324
498 324
499 324
499 324
500 324
500 324
501 324
501 323
502 323
502 323
503 323
503 323
504 323
504 323
505 323
505 323
506 323
506 323
507 323
507 322
507 322
508 322
508 322
508 322
509 322
509 322
509 322
510 322
510 322
510 322
510 322
511 322
511 322
511 322
512 322
512 322
512 322
512 322
513 321
513 321
514 321
514 321
514 321
515 321
515 321
516 320
516 320
517 320
517 320
518 320
518 320
519 320
519 320
520 319
520 319
521 319
522 319
522 319
522 319
523 319
523 319
524 319
524 318
525 318
525 318
525 318
526 318
526 318
527 318
527 318
527 318
528 318
528 318
529 318
529 318
530 318
530 318
530 318
531 318
531 318
531 318
532 318
532 317
533 317
533 317
533 317
534 317
534 317
535 317
535 317
535 317
536 317
536 317
536 317
537 317
537 318
537 318
538 318
538 318
538 318
539 318
539 317
539 317
539 317
539 317
540 317
540 317
540 317
540 317
540 317
541 317
541 317
541 317
542 317
542 317
542 317
542 317
543 318
543 318
543 318
544 318
544 318
544 318
545 318
545 318
545 318
546 318
546 318
547 318
547 318
547 318
548 318
548 318
549 318
549 318
549 318
550 318
550 318
551 318
551 318
551 318
552 318
552 318
553 318
553 318
553 318
554 318
554 318
555 318
555 318
556 318
556 318
557 318
557 318
557 318
558 318
558 318
558 318
559 318
559 318
559 318
560 318
560 318
560 318
560 318
561 318
561 318
561 318
562 318
562 318
562 318
562 318
563 318
563 318
563 318
563 318
564 318
564 318
564 318
564 318
565 318
565 318
565 318
565 318
565 318
566 318
566 318
566 318
566 318
566 318
566 319
566 319
566 319
566 319
566 319
567 319
567 319
567 319
567 319
567 319
567 319
567 319
567 320
567 320
567 320
567 320
567 320
567 320
567 321
567 321
567 321
566 321
566 321
566 321
566 321
566 321
566 321
566 321
566 322
566 322
566 322
565 322
565 322
565 322
565 323
565 323
565 323
565 323
565 323
564 323
564 323
564 323
564 323
563 324
563 324
562 324
562 324
562 324
561 324
561 324
561 325
560 325
560 325
560 325
559 325
559 326
558 326
558 326
558 326
557 327
557 327
556 327
556 328
555 328
555 328
555 328
554 329
554 329
553 329
553 330
553 330
552 330
552 330
552 331
551 331
551 332
551 332
550 332
550 332
549 333
549 333
548 333
548 334
547 334
547 334
546 334
546 335
545 335
544 335
544 336
544 336
543 336
543 336
542 337
542 337
541 337
541 338
541 338
540 338
540 338
539 339
539 339
538 339
538 340
537 340
537 340
536 341
536 341
535 341
535 341
534 342
533 342
533 342
533 342
532 343
532 343
531 343
531 344
530 344
529 344
529 345
528 345
528 346
527 346
527 346
526 347
526 347
525 347
525 347
524 348
524 348
523 348
523 348
522 349
521 349
521 349
520 349
520 350
519 350
518 350
518 351
517 351
516 351
516 352
515 352
514 353
514 353
513 353
512 354
512 354
511 355
511 355
510 356
509 356
509 356
508 357
508 357
507 358
506 358
506 358
505 359
505 359
504 360
504 360
503 360
502 361
502 361
501 362
501 362
500 363
499 363
499 364
498 364
498 365
498 365
497 365
497 366
496 366
496 367
495 367
495 367
494 368
494 368
494 369
493 369
493 369
492 370
492 370
491 371
491 371
490 371
489 372
489 372
488 373
488 373
487 373
487 374
486 374
486 374
485 375
485 375
485 375
484 376
484 376
483 376
483 377
482 377
482 377
481 378
481 378
481 378
480 379
480 379
479 379
479 380
479 380
478 380
478 380
477 381
477 381
476 381
476 381
475 382
474 382
474 382
473 382
473 383
472 383
471 383
470 383
470 384
469 384
468 384
467 384
466 385
466 385
465 385
464 385
463 386
463 386
462 386
461 387
461 387
460 387
459 387
459 388
458 388
458 389
458 389
457 389
457 390
456 390
456 390
455 391
455 391
454 391
454 391
453 391
452 392
452 392
451 392
450 392
450 392
449 393
448 393
448 393
447 393
446 394
446 394
445 394
445 395
444 395
444 395
444 396
443 396
443 397
443 397
443 397
443 398
442 398
442 398
442 398
442 399
441 399
441 399
441 399
440 400
440 400
440 400
439 400
439 400
438 400
438 400
437 400
437 400
436 400
436 400
435 401
435 401
435 401
434 401
434 401
434 401
434 401
434 402
433 402
433 402
433 402
433 403
433 403
433 403
432 404
432 404
432 404
432 404
432 405
431 405
431 405
431 405
430 406
430 406
430 406
429 406
429 407
429 407
428 407
428 407
428 408
427 408
427 408
427 408
427 408
426 409
426 409
426 409
426 409
426 409
425 410
425 410
425 410
425 410
424 410
424 411
424 411
424 411
423 411
423 411
423 411
423 412
423 412
422 412
422 412
422 412
422 413
422 413
422 413
422 413
421 414
421 414
421 414
421 415
421 415
421 415
421 416
421 416
421 416
421 416
421 417
422 417
421 417
421 418
421 418
421 418
421 419
421 419
421 419
421 419
421 420
421 420
421 420
421 420
421 421
421 421
422 421
422 421
422 422
422 422
422 422
423 422
423 423
423 423
424 423
424 423
424 423
425 423
425 423
426 423
426 423
426 424
427 424
427 424
427 424
428 424
428 424
428 424
429 424
429 424
429 425
429 425
430 425
430 425
431 425
431 425
431 425
432 425
432 425
432 425
433 426
433 426
433 426
434 426
434 426
434 427
435 427
435 427
435 428
436 428
436 428
436 429
437 429
437 429
437 430
437 430
438 430
438 431
438 431
438 432
439 432
439 432
439 433
439 433
439 434
440 434
440 434
440 435
440 435
441 436
441 436
441 436
441 437
441 437
442 438
442 438
442 439
442 439
442 440
442 440
442 441
442 441
442 441
443 442
443 442
443 443
443 443
443 444
443 444
443 444
443 445
443 445
444 445
444 446
444 446
444 446
444 447
444 447
444 448
444 448
444 448
445 449
444 449
444 449
444 450
445 450
445 450
444 451
444 451
444 451
444 451
444 452
444 452
444 452
444 453
444 453
444 453
444 454
444 454
444 454
444 455
444 455
444 455
444 456
444 456
444 457
445 457
445 457
445 458
445 458
445 458
445 459
445 459
445 459
445 460
446 460
446 460
446 460
446 461
446 461
446 461
446 462
447 462
447 462
447 462
447 463
447 463
447 463
447 463
447 464
447 464
447 464
447 465
447 465
447 465
447 466
448 466
448 466
447 467
448 467
448 467
448 468
448 468
448 468
448 469
448 469
448 469
448 470
448 470
449 471
449 471
449 471
449 472
449 472
449 473
449 473
449 473
449 474
449 474
449 474
449 475
449 475
449 476
449 476
449 477
450 477
450 477
449 477
450 478
450 478
449 478
450 479
450 479
450 479
450 479
450 480
450 480
450 480
450 480
450 481
450 481
450 481
450 481
450 482
450 482
450 482
449 483
449 483
449 484
449 484
449 484
449 485
449 485
449 485
449 486
449 486
449 486
449 487
449 487
449 487
449 488
449 488
449 488
449 488
449 489
449 489
449 489
449 490
449 490
449 490
449 491
449 491
449 491
449 492
449 492
449 493
449 493
449 493
449 494
449 494
449 495
449 495
449 496
449 496
448 497
448 497
448 498
448 498
448 499
448 499
448 499
448 500
448 500
448 501
448 501
448 502
448 502
448 503
448 503
448 504
448 504
448 504
448 505
448 505
448 506
448 506
448 507
448 507
448 507
448 508
448 508
448 509
449 509
449 509
449 510
449 510
449 510
449 511
450 511
450 512
450 512
450 512
450 513
450 513
450 513
450 514
451 514
451 514
451 515
451 515
452 515
452 515
452 516
452 516
452 516
452 517
453 517
453 517
453 518
453 518
453 518
454 519
454 519
454 520
454 520
455 520
455 521
455 521
455 522
456 522
456 523
456 523
456 523
456 524
456 524
456 525
456 525
456 526
457 526
457 526
457 527
457 527
457 527
457 527
457 528
457 528
458 528
458 529
458 529
458 529
458 530
458 530
458 530
458 531
458 531
458 531
458 532
458 532
458 533
458 533
458 534
458 534
458 535
458 535
458 535
458 536
458 536
458 537
458 537
458 538
458 538
458 539
458 539
458 540
458 540
458 540
458 541
459 541
458 542
458 542
458 543
458 543
458 544
458 544
458 544
458 545
458 545
458 546
458 546
458 546
458 547
458 547
458 548
458 548
458 548
457 549
457 549
457 550
457 550
457 551
457 551
457 551
457 552
457 552
457 553
458 553
458 553
458 554
458 554
458 554
458 555
458 555
458 555
458 556
458 556
458 556
458 557
458 557
458 557
458 558
458 558
458 558
458 558
458 559
458 559
458 559
458 560
458 560
459 560
458 561
458 561
458 561
458 561
458 562
458 562
458 562
458 563
459 563
459 563
459 563
459 563
459 564
459 564
459 564
458 565
458 565
458 565
458 565
458 566
458 566
458 566
458 567
458 567
458 567
458 568
458 568
458 568
458 568
458 568
458 569
457 569
457 569
457 569
457 569
457 569
457 569
457 570
457 570
457 570
457 570
457 570
457 570
457 570
457 570
457 570
457 570
457 570
457 570
457 570
457 570
457 570
457 570
457 570
457 570
457 570
457 570
457 570
457 570
457 570
457 570
457 570
457 570
457 570
457 570
457 570
456 569
456 569
456 569
456 569
456 569
455 569
455 569
455 568
454 568
454 568
454 568
454 567
453 567
453 567
453 567
453 566
452 566
452 566
452 566
452 565
451 565
451 565
451 564
451 564
451 564
450 563
450 563
450 563
450 562
449 562
449 562
448 561
448 561
447 561
446 560
445 560
445 560
444 560
444 559
443 559
442 559
442 558
441 558
441 558
440 558
440 557
439 557
438 557
438 556
438 556
437 556
437 555
436 555
436 554
436 554
435 554
435 553
435 553
435 552
434 552
434 552
434 551
433 551
433 550
432 550
432 549
432 549
431 549
431 548
431 547
431 547
430 546
430 546
429 545
429 545
429 544
428 544
428 543
427 542
427 542
427 541
426 541
426 540
425 539
425 539
424 538
424 538
424 537
423 537
423 536
422 536
422 535
422 534
421 534
421 533
420 533
420 532
419 532
419 532
418 531
418 531
418 530
417 530
417 529
416 529
416 528
415 528
414 527
414 527
413 526
413 526
412 525
411 525
411 524
410 524
410 523
409 523
408 522
408 522
407 522
406 521
406 521
405 520
404 520
403 520
403 519
402 519
401 519
401 518
400 518
400 517
399 517
398 517
398 516
397 516
397 516
396 515
396 515
395 515
395 514
394 514
394 513
393 513
393 513
393 512
392 512
392 511
391 511
391 510
391 510
390 510
390 509
390 509
389 509
389 508
389 508
388 508
388 507
387 507
387 507
386 506
386 506
385 506
384 506
384 505
383 505
382 505
382 505
381 505
381 504
380 504
379 504
379 504
378 503
377 503
376 503
376 503
375 502
374 502
374 502
373 501
372 501
372 501
371 500
371 500
370 500
369 500
369 499
368 499
367 499
367 498
366 498
365 498
365 497
364 497
364 497
363 496
363 496
362 496
362 495
361 495
360 495
360 494
360 494
359 494
359 493
358 493
358 493
357 492
357 492
356 492
356 491
356 491
355 491
355 491
354 490
354 490
353 490
353 489
353 489
352 489
352 489
352 488
351 488
351 488
351 487
350 487
350 487
350 486
350 486
350 486
349 485
349 485
349 485
349 485
349 485
348 484
348 484
348 484
348 484
347 483
347 483
347 483
346 483
346 482
346 482
345 482
345 482
345 482
345 482
344 481
344 481
344 481
344 481
344 481
344 480
343 480
343 480
343 480
343 480
343 480
343 480
343 480
343 480
342 481
342 481
342 481
342 481
342 481
342 481
341 481
341 481
341 481
341 481
341 481
341 481
341 481
341 481
341 481
341 481
341 481
341 481
341 481
341 481
341 481
340 481
340 481
340 481
341 481
341 481
341 481
341 481
341 481
341 481
341 481
341 481
341 482
341 482
341 482
341 482
340 482
340 482
340 482
340 482
340 482
340 482
340 483
339 483
339 483
339 483
338 483
338 484
338 484
338 484
337 484
337 484
336 485
336 485
335 485
335 486
334 486
333 486
333 486
332 487
332 487
332 487
331 487
331 488
330 488
330 488
330 489
329 489
329 489
329 490
328 490
328 490
327 491
327 491
327 491
326 492
326 492
325 492
325 493
325 493
325 493
324 493
324 494
324 494
324 494
323 494
323 494
322 494
322 495
321 495
321 495
320 495
319 495
319 496
318 496
318 496
317 496
316 496
316 497
315 497
315 497
314 497
314 497
313 498
313 498
312 498
312 498
311 499
311 499
310 499
309 500
309 500
308 500
308 500
307 501
306 501
305 501
305 501
304 501
303 502
302 502
302 502
301 502
300 502
300 503
299 503
298 503
298 503
297 503
297 504
297 504
296 504
296 504
295 505
295 505
294 505
294 505
293 505
293 506
293 506
292 506
292 507
292 507
291 507
291 507
290 508
290 508
289 508
289 509
289 509
289 509
288 510
288 510
288 510
288 511
288 511
288 512
288 512
288 513
288 513
288 513
288 514
288 514
288 515
288 515
288 516
288 516
288 516
287 517
287 517
287 518
287 518
287 518
287 518
286 519
286 519
286 519
286 520
286 520
285 520
285 521
285 521
285 521
285 521
284 522
284 522
284 522
284 522
283 523
283 523
283 523
282 523
282 523
282 524
282 524
281 524
281 524
281 524
280 524
280 525
279 525
278 525
278 525
277 525
277 526
276 526
276 526
275 526
275 527
274 527
273 527
273 528
272 528
272 528
271 529
271 529
270 529
270 529
269 530
268 530
268 530
267 531
267 531
266 531
266 532
265 532
265 532
264 533
264 533
263 533
263 534
262 534
262 534
261 534
261 535
260 535
260 535
259 535
259 536
258 536
258 536
257 536
257 537
256 537
256 537
256 538
255 538
255 538
254 538
254 539
253 539
253 539
253 539
252 540
252 540
251 540
251 540
250 541
250 541
250 541
249 541
249 541
249 542
249 542
248 542
248 542
247 542
247 543
246 543
246 543
246 543
245 544
245 544
245 544
244 544
244 545
244 545
243 545
243 545
243 546
242 546
242 546
242 546
241 547
241 547
241 547
240 547
240 547
240 548
239 548
238 548
238 548
237 548
236 549
236 549
236 549
235 549
235 549
234 550
234 550
234 550
233 550
233 550
232 551
232 551
231 551
231 551
231 551
230 551
230 551
229 552
229 552
229 552
228 552
228 552
227 552
227 553
227 553
226 553
226 553
225 553
225 554
225 554
224 554
224 554
223 554
223 555
222 555
222 555
222 555
222 556
221 556
221 556
221 556
220 557
220 557
220 557
220 557
219 558
219 558
219 558
218 558
217 559
217 559
217 559
216 559
216 559
215 560
215 560
214 560
214 560
213 560
212 560
212 560
211 560
211 560
210 560
210 561
209 561
209 561
209 561
208 561
208 561
207 561
207 561
207 561
207 561
206 562
206 562
206 562
206 562
206 562
206 562
206 562
205 562
205 563
205 563
205 563
205 563
205 563
205 563
205 563
205 563
205 563
205 563
205 563
205 563
206 563
206 563
206 563
206 563
206 563
206 563
206 563
207 563
207 563
207 563
207 563
207 563
207 563
207 563
207 562
207 562
207 562
207 562
207 562
207 562
207 562
207 562
207 562
207 562
207 562
207 562
207 562
207 562
208 562
208 562
207 562
207 562
208 562
208 562
208 562
208 562
208 562
208 562
208 562
209 562
209 561
209 561
209 561
209 561
209 561
209 561
209 560
209 560
209 560
209 560
209 560
209 559
209 559
209 559
209 559
209 559
209 558
209 558
209 558
209 558
210 557
209 557
210 557
210 557
210 556
210 556
209 556
210 556
210 555
210 555
210 555
210 554
210 554
210 554
210 553
211 553
211 553
211 552
211 552
212 551
212 551
212 550
212 550
212 549
212 549
213 548
213 548
214 547
214 547
214 547
215 546
215 546
215 545
215 545
216 544
216 544
216 543
217 543
217 542
217 542
217 541
218 541
218 540
218 540
219 540
219 539
219 539
220 538
220 538
220 537
220 537
221 536
221 536
221 535
222 535
222 534
222 534
222 533
223 533
223 533
223 532
224 532
224 531
224 531
224 530
225 530
225 529
225 529
225 528
226 528
226 527
226 527
227 526
227 526
227 525
227 525
227 524
227 524
228 523
228 522
228 522
228 521
229 521
229 520
229 520
229 519
230 519
230 518
230 518
231 517
231 516
232 516
232 515
232 515
233 514
233 514
233 513
233 513
233 512
234 512
234 511
234 511
234 510
234 510
235 509
235 509
235 508
235 508
236 507
236 507
236 506
236 505
236 505
236 504
237 504
237 503
237 502
237 502
238 501
238 501
238 500
238 500
238 499
238 498
239 498
239 497
239 497
239 496
239 495
239 495
240 494
240 494
240 493
240 493
240 492
240 491
240 491
241 491
241 490
241 490
241 489
241 489
241 488
241 488
241 487
242 487
242 486
242 486
242 486
242 485
242 485
242 484
242 484
243 483
243 483
243 483
243 482
243 482
243 481
243 481
243 480
244 480
244 479
244 479
244 478
244 478
245 477
245 477
245 477
245 476
246 476
246 475
246 475
246 474
247 474
247 474
247 473
247 473
248 472
248 472
248 472
249 471
249 471
249 470
249 470
250 469
250 469
250 469
250 468
250 468
250 467
250 467
251 466
251 466
251 466
252 465
252 465
252 464
252 464
253 464
253 463
253 463
254 462
254 462
254 461
254 461
255 460
255 460
255 459
256 459
256 459
256 458
256 458
256 457
257 457
257 456
257 456
257 456
257 455
258 455
258 455
258 454
259 454
259 454
259 453
260 453
260 453
260 452
261 452
261 452
261 451
261 451
262 450
262 450
262 450
262 449
263 449
263 449
263 448
263 448
263 448
263 447
263 447
264 446
264 446
264 446
264 445
264 445
264 444
264 444
264 444
265 443
265 443
265 443
265 442
266 442
266 442
266 441
267 441
267 441
267 440
267 440
268 440
268 439
268 439
268 439
269 438
269 438
269 438
269 437
270 437
270 437
270 436
270 436
270 436
271 436
271 435
271 435
271 434
271 434
271 434
271 434
271 433
271 433
271 433
271 432
271 432
271 432
271 432
272 431
271 431
272 431
272 430
272 430
272 430
272 430
272 429
272 429
273 428
273 428
273 428
273 427
273 427
273 427
273 426
273 426
273 426
273 425
273 425
273 425
273 425
274 424
273 424
274 424
274 424
274 424
274 423
274 423
274 423
275 423
275 423
275 422
275 422
275 422
275 422
275 421
275 421
275 421
275 421
275 420
276 420
276 420
275 420
275 419
275 419
275 419
275 419
275 419
275 419
275 418
274 418
274 418
274 418
274 418
274 417
273 417
273 417
273 417
272 417
272 416
272 416
271 416
271 416
271 416
270 415
270 415
270 415
269 415
268 414
268 414
267 414
267 414
266 413
266 413
265 413
265 412
264 412
263 412
263 411
262 411
262 410
261 410
261 410
261 409
260 409
260 408
259 408
259 407
258 407
258 406
257 406
256 406
256 405
255 405
255 404
254 404
254 404
253 403
252 403
252 402
251 402
251 401
250 401
249 400
249 400
248 399
248 399
247 398
247 398
246 397
245 397
245 396
244 396
243 395
243 395
242 394
241 394
241 393
240 393
240 392
239 392
238 391
238 391
237 390
237 389
236 389
235 388
235 388
234 387
234 387
233 387
232 386
231 386
231 385
230 385
230 385
229 384
228 384
228 383
227 383
226 383
226 382
225 382
224 381
223 381
222 380
222 380
221 379
220 379
220 378
219 378
218 378
218 377
217 377
217 376
216 375
215 375
215 374
214 374
214 373
213 373
213 372
213 372
212 372
212 371
211 371
211 370
211 370
210 370
210 369
209 369
209 368
208 368
208 368
207 367
207 367
206 367
206 366
205 366
205 365
204 365
204 364
203 363
203 363
202 362
202 362
201 361
201 361
200 360
200 360
199 359
199 358
198 358
198 357
197 357
197 356
196 355
195 355
195 354
194 353
194 353
193 352
193 351
192 350
192 350
191 349
191 348
190 348
190 347
189 346
189 346
188 345
188 344
187 344
187 343
186 342
186 342
185 341
185 341
184 340
184 339
183 339
183 338
182 338
182 337
181 337
181 336
180 335
179 335
179 334
178 333
178 333
177 332
177 331
176 331
176 330
175 330
174 329
174 328
173 328
172 327
172 327
171 326
170 326
170 325
169 325
169 324
168 323
167 323
167 322
166 322
166 321
165 321
164 320
164 320
163 319
162 319
162 318
161 318
161 317
160 317
159 316
159 316
158 315
158 315
157 315
156 314
156 314
155 313
155 313
155 313
154 312
154 312
154 311
153 311
153 311
153 310
152 310
152 309
152 309
151 309
151 308
151 308
151 308
150 308
150 307
150 307
149 307
149 306
149 306
149 306
148 306
148 305
148 305
147 305
147 304
147 304
146 304
146 304
146 303
145 303
145 303
145 302
144 302
144 302
144 302
144 301
143 301
143 301
143 301
142 301
142 300
142 300
142 300
141 300
141 299
141 299
141 299
141 299
140 299
140 299
140 299
140 298
140 298
140 298
140 298
140 298
140 298
140 298
140 298
140 298
140 298
140 298
141 298
141 298
141 298
141 298
141 298
141 298
141 299
141 299
142 299
142 299
142 299
142 299
143 299
143 299
143 299
144 299
144 299
144 300
145 300
145 300
146 300
146 300
146 300
147 300
147 301
147 301
148 301
148 301
148 301
148 301
149 301
149 301
149 301
149 301
150 301
150 301
150 301
150 301
151 301
151 301
151 301
152 301
152 301
152 302
153 302
153 302
153 302
154 302
154 302
154 302
155 302
155 302
155 302
155 302
156 302
156 302
156 302
156 302
156 303
156 303
157 303
157 303
157 303
157 303
157 304
157 304
158 304
158 304
158 304
158 305
158 305
158 305
158 305
159 305
159 305
159 305
159 305
159 306
159 306
159 306
160 306
160 306
160 306
160 306
160 306
160 307
160 307
160 307
160 307
160 307
161 307
161 308
161 308
161 308
162 308
162 308
162 308
163 308
163 309
164 309
164 309
164 309
165 310
166 310
166 310
167 310
167 311
168 311
169 311
169 312
170 312
170 312
171 312
172 313
172 313
173 313
174 313
174 313
175 313
176 314
176 314
177 314
178 314
179 314
179 314
180 315
181 315
182 315
182 315
183 315
184 315
185 315
186 316
187 316
188 316
189 316
190 316
191 317
192 317
193 317
194 317
195 317
195 317
196 317
197 317
198 318
199 318
199 318
200 318
201 318
202 318
202 319
203 319
204 319
205 319
206 319
206 320
207 320
208 320
209 320
210 320
210 321
211 321
212 321
213 321
213 321
214 321
215 321
216 321
217 322
218 322
218 322
219 322
220 322
220 322
221 322
222 323
222 323
223 323
223 323
224 323
225 323
225 323
226 323
226 323
226 323
227 324
227 324
228 324
228 324
228 324
229 324
229 324
229 324
230 324
230 324
231 324
231 325
231 325
232 325
232 325
232 325
233 325
233 325
234 325
234 325
234 325
235 325
235 325
236 325
236 325
236 325
237 325
237 325
238 325
238 326
238 326
239 326
239 326
240 326
240 326
241 326
242 326
242 326
243 326
243 326
244 326
244 326
245 326
245 326
246 326
246 326
247 326
247 326
248 327
248 327
249 327
249 327
250 327
250 327
250 327
251 327
251 327
252 327
252 327
252 327
253 327
253 327
253 327
254 327
254 327
254 327
255 327
255 327
255 327
256 327
256 327
256 327
256 327
257 327
257 327
257 327
258 327
258 327
258 327
259 327
259 327
259 327
260 327
260 327
261 327
261 327
261 326
262 326
262 326
263 326
263 326
263 326
264 326
264 326
264 326
265 326
265 326
265 326
266 326
266 326
266 326
267 326
267 326
268 326
268 326
269 326
269 326
270 326
270 326
271 326
271 326
272 326
273 326
273 326
274 326
275 326
276 326
276 327
277 327
278 327
279 327
279 327
280 327
281 327
281 327
282 327
283 327
283 327
284 326
285 326
285 326
286 326
286 326
287 326
288 326
288 326
289 326
289 326
290 326
290 326
291 326
291 326
292 327
292 327
293 327
293 327
294 327
295 327
295 327
296 327
296 327
296 327
297 327
297 327
298 327
298 327
299 327
299 327
299 327
300 327
300 327
300 327
300 327
301 327
301 327
301 327
302 327
302 328
302 328
302 328
303 328
303 328
303 328
303 328
304 328
304 328
304 328
304 328
304 328
305 328
305 328
305 328
305 327
306 327
306 327
306 327
306 327
306 327
306 327
306 327
306 327
306 326
306 326
306 326
306 326
306 326
306 326
306 326
306 325
306 325
306 325
306 325
306 325
306 325
307 325
307 324
307 324
307 324
307 324
307 324
307 323
307 323
307 323
307 323
307 322
307 322
308 322
308 321
308 321
308 321
308 320
308 320
308 320
308 319
308 319
308 319
309 319
309 319
309 318
309 318
309 318
309 317
309 317
310 317
310 316
310 316
310 315
310 315
310 315
310 314
310 314
311 313
311 313
311 312
311 312
311 311
311 311
311 311
312 310
312 310
312 309
312 309
312 308
312 308
312 308
312 307
313 307
313 306
313 306
313 305
314 305
314 305
314 304
314 304
314 304
314 304
315 303
315 303
315 303
315 302
315 302
315 302
315 301
315 301
315 301
316 300
316 300
316 299
316 299
316 299
316 298
316 298
316 297
317 297
317 297
317 297
317 296
317 296
317 296
317 295
317 295
317 295
317 294
318 294
318 294
318 293
318 293
318 293
318 292
318 292
318 291
318 291
318 291
319 290
319 290
319 290
319 289
319 288
320 288
320 288
320 287
320 287
320 286
321 286
321 285
321 285
321 284
321 284
322 283
322 283
322 282
322 282
323 281
323 281
323 280
323 280
323 279
324 279
324 278
324 278
324 277
324 276
325 276
325 275
325 275
325 274
325 274
326 273
326 273
326 272
327 272
327 271
327 270
327 270
328 269
328 269
328 268
328 268
328 267
329 267
329 266
329 265
329 265
329 264
330 263
330 263
330 262
330 261
330 261
331 260
331 260
331 259
331 258
331 258
331 257
332 256
332 256
332 255
332 255
332 254
332 253
333 253
333 252
333 252
333 251
333 251
333 250
333 249
333 249
334 248
334 248
334 247
334 247
334 246
334 246
334 245
334 245
334 244
334 244
335 243
335 242
335 242
335 241
335 241
335 240
335 240
335 239
335 239
335 238
335 238
335 237
335 237
335 236
335 236
335 235
335 235
336 234
336 234
336 233
336 233
336 232
336 232
337 231
337 231
337 230
337 230
337 229
337 229
338 228
338 228
338 227
338 227
338 226
339 226
339 225
339 225
339 224
339 224
340 223
340 223
340 222
340 222
340 221
341 221
341 220
341 220
341 219
341 219
341 218
342 218
342 217
342 217
342 216
342 216
342 215
343 214
343 214
343 213
343 213
343 212
343 212
344 211
344 210
344 210
344 209
344 209
344 208
345 207
345 207
345 206
345 205
345 205
346 204
346 204
346 203
346 203
346 202
347 201
347 201
347 200
347 200
348 199
348 199
348 198
348 198
348 197
349 197
349 196
349 196
349 195
350 195
350 194
350 194
351 193
351 193
351 192
351 192
352 191
352 191
352 190
353 190
353 190
353 189
354 189
354 188
354 188
354 188
354 187
355 187
355 187
355 186
355 186
355 186
356 186
356 186
356 185
356 185
356 185
356 185
357 185
357 185
357 185
357 185
358 185
358 185
358 185
358 185
359 185
359 184
359 184
359 184
360 184
360 184
360 184
361 184
361 184
361 184
362 184
362 184
363 184
363 184
363 184
364 184
364 184
364 184
364 184
365 184
365 184
365 184
365 184
365 184
365 184
365 184
365 184
365 184
366 184
366 184
365 184
365 184
365 184
365 184
365 184
365 184
365 184
364 184
364 184
364 184
363 184
363 184
362 184
362 183
361 183
361 183
360 183
360 183
359 183
359 183
359 183
358 183
358 183
358 183
357 183
357 184
357 184
357 184
356 184
356 184
356 184
355 183
355 183
354 183
354 182
354 182
354 182
353 182
353 182
353 182
352 182
352 182
352 182
352 182
351 182
351 182
351 182
351 182
351 182
350 182
350 182
350 182
350 182
350 182
350 182
350 182
350 182
350 182
350 182
350 182
349 182
349 182
349 182
349 182
349 182
349 182
349 182
349 182
349 182
349 182
349 182
349 183
349 183
349 183
349 183
349 183
349 183
349 183
349 183
349 183
349 183
349 183
349 183
349 183
349 183
349 183
349 183
349 183
349 183
349 184
349 184
349 184
349 184
350 184
350 184
350 184
350 184
350 184
350 184
350 184
350 184
350 184
350 184
350 184
350 184
350 184
349 184
349 184
349 184
349 183
349 183
349 183
349 183
349 183
349 183
350 183
350 183
350 183
350 183
350 183
350 183
350 183
350 183
350 182
350 182