357 173
357 173
358 173
358 173
358 173
358 173
358 173
358 173
358 173
358 173
358 174
358 174
358 174
358 174
358 174
358 174
358 174
357 175
357 175
357 175
357 175
357 176
357 176
357 176
357 176
357 176
357 177
356 177
356 177
356 177
356 177
356 177
356 177
356 178
356 178
356 178
356 178
356 178
356 178
356 178
356 179
356 179
355 179
355 179
355 179
355 179
355 180
356 180
356 180
356 180
356 180
356 180
356 181
356 181
356 181
356 181
356 181
356 181
356 182
356 182
356 182
356 182
356 182
356 182
356 182
356 182
356 182
356 182
356 183
356 183
356 183
356 183
356 183
356 183
356 183
356 183
356 183
356 183
356 183
356 183
356 183
356 183
356 184
356 184
356 184
356 184
356 184
355 184
355 184
355 185
355 185
355 185
355 185
355 185
355 185
355 185
355 185
354 185
354 185
354 185
354 185
354 185
354 185
354 185
354 185
354 185
353 186
353 186
353 186
353 186
353 186
352 187
352 187
352 187
352 187
352 187
351 188
351 188
351 188
351 188
351 189
350 189
350 189
350 189
350 190
350 190
350 190
350 190
350 190
350 191
349 191
349 191
349 191
349 191
349 191
349 192
349 192
349 192
348 192
348 192
348 193
348 193
348 193
348 193
348 193
348 194
348 194
347 194
347 194
347 195
347 195
347 195
347 196
347 196
346 196
346 196
346 196
346 197
346 197
345 197
345 197
345 198
345 198
345 198
344 198
344 199
344 199
344 199
344 200
343 200
343 200
343 200
343 201
342 201
342 201
342 201
342 202
341 202
341 202
341 202
341 202
340 203
340 203
340 203
340 203
339 203
339 203
339 204
339 204
339 204
338 204
338 204
338 204
338 205
337 205
337 205
337 205
337 205
336 205
336 206
336 206
335 206
335 206
335 206
334 206
334 206
333 207
333 207
333 207
332 207
332 207
332 207
331 207
331 208
331 208
331 208
330 208
330 208
330 208
330 209
329 209
329 209
329 209
329 209
328 209
328 209
328 209
328 210
328 210
328 210
327 210
327 210
327 210
327 210
327 211
327 211
327 211
327 211
327 211
326 211
326 211
326 211
326 212
326 212
326 212
326 212
325 212
325 212
325 213
325 213
325 213
324 213
324 213
324 214
324 214
323 214
323 214
323 214
323 214
323 215
323 215
323 215
322 215
322 215
322 215
322 215
322 215
322 215
322 216
322 216
322 216
322 216
322 216
322 216
322 216
322 216
322 216
322 216
322 217
322 217
322 217
322 217
322 217
322 217
322 217
322 217
322 217
322 217
322 217
322 217
323 217
323 217
323 217
323 217
323 217
323 217
323 217
323 217
323 217
323 217
323 217
324 217
324 217
324 217
324 217
324 218
324 218
325 218
325 218
325 218
325 218
326 218
326 218
327 218
327 218
327 217
328 217
328 217
329 217
329 217
329 217
330 217
330 217
331 217
331 217
332 217
332 217
332 217
333 217
333 216
334 216
334 216
335 216
335 216
336 216
336 216
337 216
337 215
338 215
338 215
339 215
339 215
340 215
340 214
341 214
341 214
342 214
342 214
343 214
343 214
344 213
344 213
344 213
345 213
345 213
345 214
345 214
345 214
346 214
346 214
346 214
346 214
346 214
347 214
347 214
347 214
347 214
347 214
347 214
347 214
348 214
348 214
348 214
348 214
348 214
348 214
348 214
348 214
349 214
349 214
349 214
349 214
349 214
349 214
349 214
349 214
349 214
349 215
349 215
349 215
349 215
349 215
349 216
349 216
349 216
349 216
349 216
349 216
349 217
349 217
348 217
348 217
348 217
348 217
348 217
348 218
348 218
348 218
348 218
348 218
348 218
348 219
347 219
347 219
347 219
347 219
347 219
347 220
347 220
346 220
346 220
346 220
346 220
346 220
346 221
345 221
345 221
345 221
345 221
345 221
344 222
344 222
344 222
344 222
344 222
344 222
343 223
343 223
343 223
343 223
343 223
343 223
342 224
342 224
342 224
342 224
342 224
341 224
341 224
341 224
341 225
341 225
341 225
340 225
340 225
340 225
340 226
340 226
340 226
339 226
339 226
339 227
339 227
339 227
338 227
338 228
338 228
338 228
337 229
337 229
337 229
337 229
337 230
336 230
336 230
336 231
336 231
335 231
335 231
335 232
335 232
334 232
334 232
334 233
334 233
334 233
333 233
333 234
333 234
333 234
333 235
332 235
332 235
332 235
332 236
332 236
331 236
331 237
331 237
331 237
331 237
331 238
331 238
331 238
331 239
331 239
331 239
331 240
330 240
330 240
330 241
330 241
330 242
330 242
330 242
329 243
329 243
329 243
329 244
329 244
329 244
329 245
328 245
328 245
328 246
328 246
328 247
328 247
328 247
328 248
327 248
327 248
327 249
327 249
327 249
327 250
327 250
327 250
326 251
326 251
326 251
326 252
326 252
326 252
326 253
326 253
325 254
325 254
325 254
325 255
325 255
324 255
324 255
324 256
324 256
323 256
323 257
323 257
322 257
322 258
322 258
321 258
321 259
321 259
320 260
320 260
319 260
319 261
319 261
318 262
318 262
317 262
317 263
316 263
316 263
316 264
315 264
315 264
314 264
314 265
313 265
313 265
312 266
312 266
312 266
311 266
311 267
311 267
310 267
310 267
310 268
310 268
309 268
309 268
309 269
308 269
308 269
308 269
308 269
307 270
307 270
307 270
307 270
307 270
306 271
306 271
306 271
306 271
306 271
305 272
305 272
305 272
305 272
305 273
305 273
305 273
304 273
304 273
304 274
304 274
304 274
304 274
303 274
303 274
303 274
303 274
303 274
302 275
302 275
302 275
302 275
302 275
301 275
301 275
301 275
301 276
300 276
300 276
300 276
300 276
300 277
299 277
299 277
299 278
299 278
298 278
298 278
298 278
297 279
297 279
297 279
296 279
296 279
295 279
295 280
294 280
294 280
294 280
293 280
293 281
293 281
293 281
292 281
292 281
292 282
292 282
292 282
291 282
291 282
291 282
291 282
291 282
290 282
290 282
290 282
290 282
290 282
290 282
290 283
290 283
290 283
290 283
290 283
290 283
290 283
290 283
290 283
290 283
291 283
291 283
291 283
291 283
291 283
292 283
292 283
292 283
292 283
293 283
293 283
293 283
294 283
294 283
294 283
295 283
295 283
295 283
296 283
296 283
297 283
298 283
298 283
299 283
299 283
300 283
301 283
301 283
302 283
302 283
303 283
304 283
304 282
305 282
306 282
306 282
307 282
307 282
308 282
309 282
309 281
310 281
311 281
311 281
312 281
313 281
313 281
314 281
315 281
315 280
316 280
317 280
317 280
318 280
318 280
319 280
319 279
320 279
320 279
321 279
321 279
322 279
322 279
323 278
323 278
323 278
324 278
324 278
324 278
325 278
325 278
325 277
326 277
326 277
326 277
327 277
327 277
327 276
328 276
328 276
328 275
328 275
329 275
329 275
329 274
329 274
329 274
329 274
329 273
330 273
330 273
330 273
330 273
330 273
330 273
330 273
330 273
330 273
330 273
330 273
330 273
330 273
330 273
330 273
330 273
330 273
330 273
330 273
330 273
330 273
330 273
330 273
330 273
330 273
330 273
330 273
330 273
330 274
330 274
330 274
330 274
330 275
330 275
330 275
330 275
330 276
329 276
329 276
329 277
329 277
329 278
329 278
328 278
328 279
328 279
328 279
327 280
327 280
327 281
326 281
326 282
326 282
326 283
325 283
325 284
325 284
325 285
324 285
324 286
324 286
324 286
323 287
323 287
323 288
322 288
322 289
322 289
321 289
321 290
321 290
320 291
320 291
320 291
319 292
319 292
318 293
318 293
318 294
317 294
317 295
316 295
316 296
316 296
315 296
315 297
314 297
314 298
314 298
313 299
313 299
313 300
312 300
312 301
312 301
312 302
311 302
311 302
311 303
311 303
310 304
310 304
310 304
310 305
310 305
310 306
309 306
309 307
309 307
309 307
309 308
308 308
308 308
308 309
308 309
308 309
307 310
307 310
307 310
307 311
306 311
306 312
306 312
306 312
305 313
305 313
304 313
304 314
304 314
303 314
303 315
302 315
302 316
301 316
301 316
301 317
300 317
300 318
299 318
299 318
299 319
298 319
298 319
297 320
297 320
296 320
296 320
295 321
295 321
294 321
294 322
293 322
292 322
292 323
291 323
291 323
290 324
289 324
289 324
288 325
288 325
287 325
287 326
286 326
285 326
285 327
284 327
284 327
283 328
283 328
282 329
282 329
281 329
280 330
280 330
279 331
279 331
278 331
278 332
277 332
276 332
276 333
275 333
275 333
274 334
273 334
273 334
272 335
271 335
271 335
270 335
270 336
269 336
269 336
268 336
268 337
267 337
267 337
266 338
266 338
266 338
265 338
265 339
264 339
264 339
264 340
263 340
263 340
262 341
262 341
262 341
261 342
261 342
261 342
261 343
260 343
260 344
260 344
259 344
259 345
259 345
258 345
258 346
257 346
257 346
256 347
256 347
255 347
255 347
255 348
254 348
254 348
253 348
253 349
252 349
252 349
252 349
251 349
251 350
251 350
251 350
250 350
250 351
250 351
250 351
249 351
249 352
249 352
249 352
249 352
249 352
249 353
248 353
248 353
248 353
248 353
248 353
248 354
248 354
248 354
248 354
248 354
248 354
248 354
248 354
248 354
248 354
248 354
248 355
248 355
248 355
248 355
249 355
249 355
249 355
249 355
249 356
250 356
250 356
250 356
250 356
251 356
251 356
251 356
252 356
252 356
253 356
253 356
253 356
254 356
254 356
255 356
255 356
255 356
256 356
256 356
257 356
257 356
258 356
258 356
259 356
259 356
260 356
261 356
261 356
262 356
263 356
263 355
264 355
265 355
265 355
266 355
266 355
267 355
268 355
268 355
269 355
270 355
270 355
271 354
272 354
272 354
273 354
274 354
274 354
275 354
276 354
276 354
277 354
278 354
278 354
279 353
280 353
280 353
281 353
282 353
282 353
283 353
283 353
284 353
284 352
285 352
285 352
285 352
286 352
286 352
287 352
287 352
287 352
288 352
288 352
289 352
289 352
289 352
290 352
290 352
290 352
291 352
291 352
292 352
292 352
292 352
292 351
293 351
293 351
293 351
293 351
293 351
293 351
293 351
293 351
293 351
293 351
293 351
293 351
293 351
293 351
293 351
293 351
293 350
293 350
293 350
293 350
293 350
293 350
293 350
293 350
293 350
293 350
293 350
293 350
293 350
293 351
293 351
293 351
294 351
294 351
294 351
294 351
294 351
295 351
295 351
295 351
295 352
295 352
295 352
295 352
295 352
295 352
295 352
295 353
295 353
295 353
295 354
295 354
294 354
294 354
294 355
294 355
294 355
294 355
294 356
293 356
293 356
293 357
293 357
293 357
293 358
293 358
292 358
292 359
292 359
292 359
292 360
291 360
291 360
291 361
291 361
291 361
290 362
290 362
290 362
290 363
289 363
289 363
289 363
289 364
288 364
288 365
288 365
288 365
288 366
287 366
287 367
287 367
286 367
286 368
286 368
285 369
285 369
285 369
284 370
284 370
283 371
283 371
283 371
282 372
282 372
282 373
281 373
281 374
281 374
281 374
280 375
280 375
280 376
279 376
279 376
279 377
278 377
278 378
278 378
277 378
277 379
276 379
276 379
275 380
275 380
275 381
274 381
274 382
274 382
273 382
273 383
273 383
273 384
272 384
272 385
272 385
272 385
271 386
271 386
271 386
271 387
270 387
270 388
270 388
269 388
269 389
269 389
268 390
268 390
267 391
267 391
266 391
266 392
265 392
265 393
265 393
264 394
264 394
263 394
263 395
263 395
262 396
262 396
261 397
261 397
260 398
260 398
259 399
259 399
259 400
258 400
258 400
257 401
257 401
256 402
256 402
256 402
255 403
255 403
254 404
254 404
253 404
253 405
252 405
252 405
251 406
251 406
251 406
250 407
250 407
249 407
249 408
248 408
248 409
247 409
247 409
246 410
245 410
245 410
244 411
244 411
243 412
243 412
242 412
242 413
241 413
241 413
240 414
240 414
239 414
239 415
238 415
238 415
237 416
237 416
236 416
236 416
235 417
235 417
234 417
234 417
233 418
233 418
232 418
232 419
231 419
231 419
230 419
230 420
229 420
229 420
228 420
228 421
228 421
227 421
227 421
227 421
226 421
226 422
225 422
225 422
225 422
224 422
224 422
224 423
223 423
223 423
222 423
222 423
221 423
221 423
220 423
220 423
219 424
218 424
218 424
217 424
216 424
216 424
215 424
215 424
214 425
213 425
213 425
212 425
212 425
211 426
211 426
211 426
210 426
210 427
209 427
209 427
208 427
208 427
207 427
207 428
206 428
206 428
205 428
205 428
204 428
203 429
203 429
202 429
202 429
202 429
201 429
201 430
200 430
200 430
200 430
199 430
199 431
198 431
198 431
198 432
198 432
197 432
197 432
197 433
197 433
197 433
196 434
196 434
196 434
196 434
196 434
196 435
196 435
196 435
196 435
196 435
196 435
196 435
196 435
196 435
196 436
196 436
196 436
196 436
197 436
197 436
197 436
197 436
197 436
198 436
198 436
198 436
198 436
198 436
199 436
199 436
199 436
199 436
199 436
199 436
199 436
200 436
200 436
200 436
200 436
200 436
200 436
200 436
200 436
200 436
200 436
201 436
201 436
201 436
201 436
202 436
202 436
202 436
203 437
203 437
203 437
204 437
204 437
205 437
205 437
206 437
206 437
207 437
207 437
208 437
208 437
209 437
209 437
210 437
210 437
211 437
212 437
212 437
213 437
213 437
214 437
214 437
215 437
215 437
216 437
216 437
217 437
218 437
218 437
219 437
219 437
220 437
220 437
221 437
221 437
222 437
222 436
223 436
223 436
224 436
224 436
224 436
225 435
225 435
226 435
226 435
227 435
227 434
227 434
228 434
228 434
229 434
229 433
229 433
230 433
230 433
231 433
231 432
232 432
232 432
233 432
233 432
234 431
235 431
235 431
236 431
236 431
237 431
237 431
238 430
238 430
239 430
239 430
240 430
241 430
241 429
242 429
242 429
243 429
243 429
244 429
245 428
245 428
246 428
247 428
247 428
248 427
249 427
249 427
250 427
250 427
251 427
251 426
252 426
252 426
252 426
253 426
253 426
253 426
253 426
254 426
254 426
254 426
254 426
254 426
255 426
255 426
255 426
255 426
255 426
256 426
256 426
256 426
256 427
256 427
256 427
256 427
256 427
257 427
257 428
257 428
257 428
257 428
257 428
257 428
257 429
257 429
257 429
257 429
257 430
257 430
256 430
256 430
256 430
256 431
256 431
256 431
256 431
256 431
256 432
256 432
256 432
256 432
256 433
256 433
256 433
256 433
256 433
256 433
255 433
255 433
255 434
255 434
255 434
255 434
254 434
254 434
254 435
254 435
254 435
253 435
253 436
253 436
253 436
253 436
253 437
252 437
252 437
252 437
252 438
251 438
251 438
251 438
251 439
250 439
250 439
250 439
250 440
249 440
249 440
248 440
248 441
248 441
248 441
247 441
247 442
247 442
247 442
246 443
246 443
246 443
245 443
245 444
245 444
245 444
245 444
244 445
244 445
244 445
244 446
243 446
243 447
243 447
243 447
242 448
242 448
242 449
241 449
241 449
241 450
240 450
240 451
240 451
239 451
239 452
239 452
239 453
238 453
238 454
238 454
237 454
237 455
237 455
237 456
236 456
236 456
236 457
235 457
235 458
235 458
235 458
234 459
234 459
234 459
234 460
233 460
233 460
233 461
233 461
232 461
232 462
232 462
232 462
232 463
232 463
232 463
231 464
231 464
231 465
231 465
230 465
230 466
230 466
229 467
229 467
229 467
228 468
228 468
228 468
227 469
227 469
227 469
226 470
226 470
226 471
226 471
225 471
225 472
225 472
224 472
224 472
224 473
223 473
223 473
223 474
222 474
222 474
222 475
221 475
221 475
220 476
220 476
219 476
219 477
219 477
218 477
218 478
217 478
217 478
216 479
216 479
216 480
215 480
215 480
215 481
215 481
214 482
214 482
214 482
214 483
214 483
213 484
213 484
213 484
212 485
212 485
211 485
211 486
211 486
210 486
210 487
209 487
209 487
209 488
208 488
208 488
208 488
207 489
207 489
206 489
206 489
205 489
205 490
205 490
204 490
204 490
204 491
204 491
203 491
203 491
202 492
202 492
201 492
201 492
200 493
200 493
200 493
199 493
199 494
199 494
198 494
198 494
198 495
197 495
197 495
197 496
196 496
196 496
195 496
195 497
195 497
194 497
194 498
194 498
193 498
193 498
193 499
192 499
192 499
192 500
191 500
191 500
191 501
190 501
190 501
189 502
189 502
189 502
188 502
188 503
188 503
187 503
187 504
187 504
186 504
186 504
185 505
185 505
185 505
184 505
184 506
183 506
183 506
183 507
183 507
183 507
182 507
182 508
182 508
182 508
181 508
181 509
181 509
181 509
181 509
181 509
180 509
180 510
180 510
180 510
180 510
179 510
179 510
179 511
179 511
178 511
178 511
178 512
178 512
177 512
177 512
177 513
177 513
177 513
176 513
176 513
176 514
175 514
175 514
175 514
175 514
175 514
174 514
174 514
174 515
173 515
173 515
173 515
173 515
172 515
172 515
172 515
172 515
171 515
171 514
171 514
171 514
171 514
170 514
170 514
170 514
170 514
170 514
170 514
170 514
170 514
170 514
169 514
169 514
169 514
169 514
169 514
169 514
169 514
169 514
170 514
170 514
170 514
170 514
170 514
170 514
170 514
170 514
171 514
171 514
171 514
171 514
171 514
171 514
171 514
171 514
171 514
171 514
171 514
171 514
172 514
172 514
172 515
172 515
172 515
172 515
173 515
173 515
173 515
174 515
174 515
175 515
175 515
176 515
176 515
177 515
177 515
178 515
178 515
179 515
180 515
180 515
181 515
182 515
183 515
183 515
184 515
185 515
185 515
186 515
186 515
187 515
188 515
188 515
189 514
189 514
190 514
191 514
191 514
192 514
193 514
193 514
194 514
194 514
195 514
196 514
196 514
197 514
198 514
198 514
199 514
200 514
200 514
201 514
202 514
203 513
204 513
204 513
205 513
206 513
207 513
207 513
208 512
209 512
210 512
210 512
211 512
212 512
213 512
213 512
214 511
215 511
215 511
216 511
217 511
217 511
218 510
219 510
219 510
220 510
221 510
222 510
222 510
223 510
223 509
224 509
224 509
225 509
225 509
225 509
226 509
226 509
227 509
227 509
228 509
228 509
229 509
229 509
229 509
230 509
230 508
231 508
231 508
232 508
232 508
232 508
233 508
234 508
234 508
235 508
235 508
236 508
236 508
237 507
238 507
238 507
239 507
240 507
240 507
241 507
241 507
242 507
242 507
243 507
243 506
244 506
245 506
245 506
246 506
246 506
247 506
247 506
248 506
248 505
249 505
249 505
250 505
250 505
250 505
251 505
251 505
252 504
253 504
253 504
254 504
254 504
254 504
255 503
255 503
256 503
256 503
256 503
257 502
257 502
257 502
258 502
259 501
259 501
260 501
260 501
260 501
260 500
261 500
261 500
261 500
261 500
261 500
262 499
262 499
262 499
262 499
262 499
263 499
263 499
263 499
263 499
263 499
263 499
263 498
263 498
263 498
263 498
263 498
263 498
264 498
264 498
264 498
264 498
264 499
264 499
264 499
264 499
264 499
264 499
264 499
264 499
264 499
264 499
264 500
265 500
265 500
265 500
265 500
265 500
265 500
266 501
266 501
266 501
266 501
266 501
266 502
266 502
266 502
267 502
267 502
267 503
267 503
267 503
267 503
267 503
267 503
267 504
268 504
268 504
267 504
267 504
267 504
267 504
267 505
267 505
267 505
267 505
267 505
267 505
267 505
267 506
267 506
267 506
267 506
267 506
267 506
267 507
267 507
266 507
266 507
266 507
266 508
266 508
265 508
265 508
265 508
265 509
265 509
264 509
264 509
264 509
264 510
263 510
263 510
263 510
263 511
263 511
262 511
262 511
262 511
262 512
262 512
261 512
261 512
261 512
261 513
261 513
261 513
261 513
260 513
260 514
260 514
260 514
260 514
259 514
259 514
259 515
258 515
258 515
257 515
257 515
257 515
256 516
256 516
256 516
256 516
256 516
255 517
255 517
255 517
254 517
254 517
254 517
253 518
253 518
253 518
252 518
252 518
252 518
251 519
251 519
250 519
250 519
249 520
249 520
249 520
248 521
248 521
248 521
247 522
247 522
247 522
247 523
247 523
247 523
246 523
246 524
246 524
246 524
245 524
245 525
245 525
244 525
244 525
244 525
244 526
244 526
243 526
243 526
243 526
243 527
243 527
243 527
243 527
243 527
243 527
243 528
243 528
243 528
243 528
243 528
243 528
243 528
242 528
242 528
242 529
242 529
242 529
242 529
242 529
242 529
242 529
242 529
242 529
242 529
242 529
242 529
242 529
242 529
242 529
242 529
242 529
242 529
242 529
242 529
242 529
242 529
242 529
242 529
242 528
242 528
243 528
243 528
243 528
243 528
243 528
243 528
243 528
243 528
243 528
244 528
244 528
244 528
244 528
244 528
245 528
245 528
246 528
246 528
247 528
247 528
248 528
248 528
249 527
250 527
250 527
251 527
252 527
252 527
253 527
254 527
255 527
255 527
256 526
257 526
257 526
258 526
259 526
259 526
260 525
260 525
261 525
261 525
262 525
262 525
262 524
263 524
263 524
264 524
264 524
264 524
265 524
265 523
266 523
266 523
266 523
267 523
267 523
267 523
268 522
268 522
269 522
269 522
270 522
270 522
271 521
271 521
272 521
273 521
273 521
274 521
274 520
275 520
275 520
276 520
276 519
277 519
277 519
278 519
279 519
279 518
279 518
280 518
280 518
281 518
281 518
281 518
282 518
282 518
283 518
283 518
284 518
284 517
284 517
285 517
285 517
286 517
287 517
287 517
288 517
288 517
289 516
290 516
290 516
290 516
291 516
291 516
292 515
292 515
293 515
293 515
294 514
295 514
295 514
296 514
296 514
297 513
297 513
298 513
298 512
299 512
300 512
300 512
301 511
302 511
302 511
303 510
303 510
304 510
304 509
305 509
305 509
306 509
306 508
307 508
307 508
307 507
308 507
308 507
309 507
309 506
309 506
310 506
310 506
311 505
311 505
312 505
312 505
313 504
313 504
314 504
314 503
315 503
315 503
315 503
316 502
316 502
316 501
317 501
317 501
317 500
318 500
318 500
318 500
319 499
319 499
319 499
319 499
320 498
320 498
320 498
320 498
321 497
321 497
322 497
322 497
322 496
322 496
323 496
323 496
323 496
323 496
324 495
324 495
324 495
324 495
324 495
324 494
324 494
324 494
324 494
324 494
325 494
325 493
325 493
325 493
326 493
326 493
326 493
327 493
327 493
327 493
328 493
328 492
329 492
329 492
329 492
330 492
330 492
331 492
331 491
331 491
332 491
332 491
333 491
333 490
334 490
334 490
334 490
335 490
335 489
336 489
336 489
336 489
337 489
337 488
337 488
337 488
338 488
338 488
338 487
338 487
338 487
338 487
338 487
338 487
338 487
338 487
338 487
338 487
338 487
338 487
338 487
339 487
339 487
339 487
339 487
339 487
339 487
340 487
340 487
340 487
340 487
340 487
340 487
340 487
340 486
340 486
341 486
341 486
341 486
341 486
341 486
341 486
341 486
341 486
341 485
341 485
342 485
342 484
342 484
342 484
342 484
342 484
342 483
342 483
343 483
343 483
343 483
343 482
343 482
343 482
343 482
343 481
343 481
343 481
343 481
343 481
343 481
343 480
343 480
343 480
343 480
343 480
343 479
343 479
343 479
343 479
343 478
343 478
343 478
343 478
343 478
343 477
344 477
344 477
344 477
344 477
344 477
344 477
344 477
344 477
345 477
345 477
345 477
346 476
346 476
346 476
346 476
346 476
346 476
346 476
346 476
346 476
346 476
346 476
346 476
346 476
346 475
346 475
346 475
346 475
345 475
345 474
345 474
345 474
345 473
344 473
344 472
344 472
344 471
368 207
368 207
368 206
368 206
368 206
368 206
368 206
368 205
367 205
367 205
367 204
367 204
367 204
367 203
367 203
367 202
367 202
367 202
367 201
367 201
367 200
367 200
367 199
367 198
367 198
367 197
367 197
367 196
367 195
367 195
367 194
367 193
367 193
368 192
368 192
368 191
368 190
368 190
368 189
368 189
368 188
368 188
368 187
369 187
369 186
369 186
369 185
369 185
369 184
369 184
369 184
369 183
369 183
369 183
369 183
369 182
368 182
368 182
368 182
368 181
368 181
368 181
368 181
368 181
368 181
367 180
367 180
367 180
367 180
367 180
367 180
366 179
366 179
366 179
366 179
366 179
365 178
365 178
365 178
365 178
365 178
365 178
365 178
365 178
365 177
365 177
365 177
364 177
364 177
364 177
364 177
364 177
364 177
364 177
364 176
364 176
364 176
364 176
364 176
364 176
364 176
363 176
363 176
363 176
363 175
363 175
363 175
363 175
363 175
363 175
363 175
363 175
363 175
363 175
363 175
363 175
363 175
363 175
363 174
363 174
363 174
363 174
363 174
363 174
363 174
363 174
363 174
363 174
363 174
363 174
363 174
363 174
363 174
363 174
363 174
363 174
363 174
364 175
364 175
364 175
364 175
364 175
364 175
364 175
364 175
364 175
364 175
365 175
365 175
365 175
365 175
365 176
365 176
365 176
365 176
365 176
365 176
365 176
365 176
365 176
365 176
365 177
365 177
365 177
365 177
365 177
365 178
365 178
365 178
365 178
365 178
365 178
365 178
365 179
365 179
365 179
365 179
365 180
365 180
365 180
365 180
365 181
365 181
365 181
365 181
365 181
365 182
365 182
365 182
365 182
365 182
365 183
365 183
365 183
365 183
365 183
365 184
365 184
365 184
365 184
365 185
365 185
365 185
365 185
365 185
365 186
365 186
365 186
365 187
365 187
365 187
366 187
366 188
366 188
366 188
366 188
366 189
366 189
366 189
366 190
366 190
366 190
366 191
366 191
366 191
366 192
366 192
366 193
366 193
367 193
367 194
367 194
367 195
367 195
367 195
367 196
367 196
368 197
368 197
368 197
368 198
368 198
368 199
368 199
368 200
368 200
369 200
369 201
369 201
369 202
369 202
369 203
369 203
369 204
369 204
370 204
370 205
370 205
370 206
370 206
370 207
371 207
371 207
371 208
371 208
371 209
371 209
371 210
371 210
372 211
372 211
372 212
372 212
372 213
372 213
372 214
372 214
372 214
372 215
373 215
373 216
373 216
373 216
373 217
373 217
374 217
374 217
374 218
374 218
374 218
375 219
375 219
375 219
375 220
375 220
375 220
376 220
376 221
376 221
376 221
376 221
376 222
377 222
377 222
377 222
377 222
377 223
377 223
377 223
378 223
378 223
378 224
378 224
378 224
378 225
378 225
378 225
379 226
379 226
379 227
379 227
379 227
379 228
379 228
379 228
379 229
380 229
380 229
380 229
380 229
380 230
380 230
380 230
381 230
381 230
381 230
381 231
381 231
381 231
381 231
381 231
381 231
381 231
381 231
381 232
380 232
380 232
380 232
380 232
380 232
380 232
380 232
380 232
380 232
380 232
380 232
379 232
379 232
379 232
379 232
379 232
379 232
379 232
379 232
379 232
379 232
379 232
379 232
379 232
378 232
378 232
378 232
378 232
378 232
378 232
378 232
378 232
378 232
378 232
378 232
378 232
378 232
378 232
378 232
377 232
377 232
377 232
377 232
377 231
377 231
377 231
376 231
376 231
376 231
376 231
376 230
375 230
375 230
375 230
375 230
374 230
374 230
374 230
374 230
374 230
373 230
373 230
373 229
373 229
372 229
372 229
372 229
372 229
371 229
371 229
371 229
371 229
370 228
370 228
370 228
369 228
369 228
369 228
369 228
368 227
368 227
368 227
368 227
367 227
367 226
367 226
367 226
367 226
367 226
367 225
367 225
366 225
366 225
366 225
366 225
366 225
366 225
366 225
366 225
366 225
366 225
366 225
365 225
365 225
365 225
365 225
365 225
365 224
365 224
365 224
365 224
365 224
365 224
365 224
364 224
364 224
364 224
364 224
364 224
364 224
364 224
364 224
364 224
364 224
364 224
364 224
364 224
364 224
364 224
364 224
364 224
364 224
364 224
364 224
364 224
363 224
363 224
363 224
363 224
363 224
363 224
363 224
363 224
363 224
363 224
363 224
363 225
363 225
363 225
364 225
364 225
364 225
364 226
364 226
364 226
364 226
364 226
364 226
365 227
365 227
365 227
365 227
366 228
366 228
366 228
366 228
367 229
367 229
367 229
368 230
368 230
368 230
369 231
369 231
369 231
370 232
370 232
370 232
370 233
371 233
371 233
371 233
371 234
371 234
371 234
371 234
372 235
372 235
372 235
372 236
372 236
373 236
373 237
373 237
373 237
374 238
374 238
374 239
375 239
375 239
375 240
375 240
375 241
376 241
376 241
376 242
376 242
376 242
377 243
377 243
377 244
377 244
377 244
378 245
378 245
378 245
378 246
379 246
379 246
379 247
380 247
380 247
380 248
380 248
381 248
381 249
381 249
382 249
382 250
382 250
382 250
383 251
383 251
383 252
384 252
384 252
384 253
385 253
385 253
385 254
386 254
386 255
386 255
386 255
387 256
387 256
387 257
387 257
388 257
388 258
388 258
389 258
389 259
389 259
390 260
390 260
390 260
391 261
391 261
392 261
392 262
392 262
393 262
393 262
394 263
394 263
394 263
395 263
395 264
395 264
395 264
396 265
396 265
396 265
397 266
397 266
397 266
397 267
398 267
398 267
398 268
399 268
399 268
400 269
400 269
401 269
401 270
401 270
402 270
402 271
403 271
403 271
404 272
404 272
405 272
405 273
406 273
406 273
407 274
407 274
408 275
408 275
409 275
409 276
410 276
410 277
410 277
411 277
411 278
412 278
412 278
412 279
413 279
413 280
413 280
414 280
414 280
414 281
414 281
415 281
415 282
415 282
416 282
416 282
416 282
416 283
417 283
417 283
417 283
417 284
418 284
418 284
418 284
419 284
419 285
419 285
420 285
420 285
420 285
421 285
421 286
422 286
422 286
422 286
423 287
423 287
424 287
424 287
424 287
425 288
425 288
425 288
425 288
426 288
426 288
426 288
426 289
426 289
426 289
427 289
427 289
427 289
427 289
428 289
428 290
428 290
428 290
429 290
429 290
429 290
429 291
429 291
430 291
430 291
430 291
430 292
431 292
431 292
431 292
431 293
431 293
432 293
432 293
432 294
432 294
432 294
432 294
432 295
432 295
432 295
432 295
432 295
432 295
432 295
432 295
432 295
432 295
432 295
432 295
432 295
432 295
431 295
431 295
431 295
431 295
431 295
431 295
431 295
431 295
431 295
431 295
430 295
430 296
430 296
430 296
430 296
430 296
430 296
430 296
430 296
430 296
430 296
430 296
430 296
430 296
429 296
429 296
429 296
429 296
429 296
429 296
428 296
428 296
428 296
428 295
428 295
428 295
427 295
427 295
427 295
427 295
427 295
426 295
426 295
426 295
426 295
425 295
425 295
425 295
424 295
424 295
424 295
423 295
423 295
422 295
422 295
422 295
421 295
421 295
420 295
420 294
419 294
419 294
418 294
418 294
417 294
417 294
416 294
416 293
416 293
415 293
415 293
414 293
414 293
413 293
413 292
412 292
412 292
411 292
411 292
410 292
410 292
409 291
409 291
408 291
408 291
407 291
407 291
406 291
406 291
405 291
405 291
404 291
404 291
403 291
403 290
402 290
402 290
401 290
401 290
401 290
400 290
400 289
400 289
399 289
399 289
399 289
398 289
398 288
397 288
397 288
396 288
396 287
396 287
395 287
395 287
394 286
394 286
394 286
393 286
393 285
393 285
392 285
392 285
392 284
392 284
391 284
391 284
391 284
391 283
390 283
390 283
390 283
390 283
389 282
389 282
389 282
389 282
388 282
388 282
388 282
388 282
387 281
387 281
387 281
386 281
386 281
385 280
385 280
384 280
384 280
384 280
383 279
383 279
383 279
382 279
382 279
382 279
382 279
382 278
381 278
381 278
381 278
381 278
380 278
380 278
380 278
380 278
380 278
380 278
380 278
380 278
380 278
380 278
380 278
380 278
380 279
380 279
380 279
380 279
380 279
380 279
380 279
380 279
380 279
380 279
380 279
380 280
380 280
380 280
380 280
380 280
380 280
380 280
380 280
380 280
380 280
380 281
380 281
380 281
380 281
380 281
380 281
380 282
380 282
380 282
380 282
380 282
379 282
379 283
379 283
379 283
379 283
379 284
379 284
379 284
379 285
379 285
379 285
380 286
380 286
380 286
380 286
381 287
381 287
381 288
382 288
382 288
382 289
382 289
383 290
383 290
383 290
383 291
383 291
383 291
384 292
384 292
384 293
384 293
385 294
385 294
385 295
385 295
386 296
386 296
386 296
386 297
387 297
387 298
387 298
387 299
387 299
388 300
388 301
388 301
388 302
388 302
389 303
389 303
389 304
389 305
389 305
390 306
390 306
390 306
390 307
391 307
391 308
391 308
392 309
392 309
392 310
392 310
393 311
393 311
393 312
393 312
394 313
394 313
394 313
394 314
394 314
395 315
395 315
395 316
395 316
395 317
396 317
396 317
396 318
396 318
397 319
397 319
397 320
397 320
397 321
398 321
398 322
398 323
398 323
398 324
399 324
399 325
399 325
399 326
399 326
400 327
400 327
400 327
400 328
401 328
401 329
401 329
402 330
402 330
402 331
402 331
403 332
403 332
403 332
404 333
404 333
405 334
405 334
406 335
406 335
406 335
407 336
407 336
408 336
408 337
409 337
409 337
410 338
410 338
411 338
411 339
412 339
412 340
413 340
413 341
414 341
414 342
415 342
415 343
416 343
416 343
417 344
417 344
418 344
418 345
419 345
419 346
420 346
420 347
421 347
421 347
421 348
422 348
422 348
423 349
423 349
423 349
424 350
424 350
424 351
425 351
425 351
426 352
426 352
426 352
426 353
427 353
427 353
427 354
427 354
428 354
428 354
428 355
429 355
429 355
429 356
430 356
430 356
431 357
431 357
431 357
432 358
432 358
433 358
433 358
434 359
435 359
435 359
436 360
436 360
437 360
437 361
438 361
438 361
439 362
439 362
439 362
440 363
440 363
441 363
441 364
441 364
442 364
442 365
443 365
443 365
443 366
444 366
444 366
444 366
445 367
445 367
445 367
445 367
446 368
446 368
446 368
446 368
446 369
447 369
447 369
447 370
447 370
448 370
448 370
448 370
448 371
449 371
449 371
450 371
450 371
450 372
451 372
451 372
451 372
452 373
452 373
452 373
453 373
453 374
454 374
454 374
454 374
454 375
455 375
455 375
455 375
455 375
455 376
455 376
456 376
456 376
456 376
456 376
456 376
456 376
456 376
456 377
456 377
456 377
456 377
456 377
456 377
456 377
456 377
456 377
456 377
456 377
455 377
455 377
455 377
455 377
455 377
455 377
455 377
455 377
455 377
454 377
454 377
454 377
454 377
454 377
454 377
453 378
453 378
453 378
452 378
452 378
452 378
451 378
451 378
451 378
450 378
450 378
449 378
449 378
449 378
448 378
448 377
448 377
447 377
447 377
446 377
446 377
446 377
445 377
445 377
444 377
444 376
443 376
443 376
442 376
442 376
441 376
441 375
441 375
440 375
440 375
440 375
439 375
439 374
438 374
438 374
438 374
437 374
437 374
436 373
436 373
435 373
435 373
435 373
434 373
434 372
433 372
433 372
432 372
432 372
432 371
431 371
431 371
430 370
430 370
430 370
429 370
429 369
429 369
429 369
428 369
428 368
428 368
427 368
427 368
427 368
426 367
426 367
426 367
426 367
425 367
425 367
424 366
424 366
423 366
423 366
422 366
422 366
421 365
421 365
420 365
419 365
419 364
418 364
418 364
417 364
417 364
416 363
415 363
415 363
414 363
414 363
413 362
413 362
412 362
411 362
411 361
410 361
410 361
409 360
409 360
408 360
408 359
407 359
406 359
406 359
405 358
405 358
405 358
404 357
404 357
404 357
404 357
403 356
403 356
403 356
403 356
403 356
403 356
403 356
403 356
403 355
403 355
402 355
402 355
402 355
402 355
402 355
402 355
401 355
401 356
401 356
401 356
401 356
400 356
400 356
400 356
400 356
399 356
399 357
399 357
399 357
398 357
398 357
398 358
398 358
397 358
397 358
397 358
397 358
396 358
396 358
396 359
395 359
395 359
395 359
395 360
395 360
394 360
394 360
394 360
394 361
394 361
394 361
393 361
393 362
393 362
393 362
393 363
393 363
393 363
393 364
392 364
392 365
393 365
393 365
393 366
393 366
393 366
393 367
393 367
393 368
393 368
394 368
394 369
394 369
394 370
394 370
395 370
395 371
395 371
395 372
396 372
396 372
396 373
397 373
397 374
397 374
398 374
398 375
399 375
399 376
400 376
401 377
401 377
402 378
402 378
403 379
403 379
404 380
405 380
405 381
406 381
406 382
407 382
407 383
408 383
408 384
409 384
409 385
410 385
410 386
411 386
411 387
412 387
412 388
413 388
413 388
414 389
414 389
414 390
415 390
415 390
416 391
416 391
417 392
417 392
418 393
418 393
419 393
419 394
420 394
420 395
420 395
421 396
421 396
422 397
422 397
423 398
423 398
424 399
424 399
424 400
425 400
425 401
425 401
426 402
426 402
426 403
427 403
427 403
427 404
428 404
428 404
428 405
429 405
429 405
430 406
430 406
430 406
431 407
431 407
432 407
432 408
432 408
433 408
433 409
434 409
434 410
434 410
434 411
435 411
435 412
435 412
436 412
436 413
436 413
437 414
437 414
438 415
438 415
438 415
439 416
439 416
439 417
440 417
440 417
441 418
441 418
442 418
442 419
443 419
443 419
444 420
444 420
445 420
445 421
446 421
446 421
447 422
447 422
448 422
448 423
449 423
449 423
450 423
450 424
451 424
451 424
452 425
452 425
453 426
453 426
454 426
454 427
455 427
455 427
456 428
456 428
457 428
457 428
458 429
458 429
459 429
459 430
459 430
460 430
460 431
460 431
461 431
461 432
462 432
462 432
463 432
463 433
463 433
464 433
464 433
465 434
465 434
465 434
466 434
466 435
467 435
467 435
468 435
468 436
468 436
469 436
469 436
470 436
470 437
470 437
471 437
471 437
472 438
472 438
473 438
473 439
474 439
474 439
474 439
475 440
475 440
475 440
476 441
476 441
476 441
476 442
476 442
477 442
477 443
477 443
477 444
477 444
477 444
478 445
478 445
478 445
478 446
478 446
478 446
479 447
479 447
479 447
480 447
480 448
480 448
480 448
481 449
481 449
481 449
481 449
482 450
482 450
482 450
482 451
483 451
483 451
483 452
483 452
484 452
484 453
484 453
484 454
484 454
485 454
485 455
485 455
485 455
486 455
486 456
486 456
486 456
487 457
487 457
488 457
488 457
488 457
488 458
489 458
489 458
490 458
490 459
490 459
491 459
491 459
491 460
492 460
492 460
492 460
492 460
493 461
493 461
493 461
493 461
493 461
494 462
494 462
494 462
494 462
494 463
494 463
495 463
495 463
495 463
496 463
496 464
496 464
497 464
497 464
497 464
498 465
498 465
498 465
498 465
498 465
499 465
499 466
499 466
499 466
499 466
499 466
499 466
499 466
499 466
499 466
499 466
499 466
499 466
499 466
499 466
499 466
499 466
499 466
499 466
499 466
499 467
499 467
499 467
498 467
498 467
498 467
498 467
498 468
498 468
497 468
497 468
497 468
497 468
497 468
496 468
496 468
496 468
496 469
495 469
495 469
495 469
494 469
494 469
493 469
493 469
492 468
492 468
492 468
491 468
490 468
490 468
489 468
489 468
488 468
487 468
487 468
486 468
486 468
485 468
485 468
484 468
483 468
483 468
482 467
482 467
481 467
480 467
480 467
479 467
479 467
478 466
477 466
477 466
476 466
476 465
475 465
475 465
474 465
474 464
473 464
473 464
472 464
472 463
471 463
471 463
471 463
470 463
470 462
469 462
469 462
468 462
468 462
467 461
467 461
467 461
466 461
465 461
465 461
464 460
463 460
463 460
462 460
461 460
460 459
460 459
459 459
458 459
458 459
457 458
456 458
456 458
455 457
454 457
454 457
453 456
453 456
452 456
451 456
451 455
450 455
449 455
449 454
448 454
447 454
447 454
446 453
445 453
444 453
444 452
443 452
442 452
441 451
440 451
440 451
439 450
438 450
438 449
437 449
436 449
436 448
435 448
435 447
434 447
434 447
433 446
433 446
432 446
432 445
431 445
430 445
430 445
429 444
429 444
428 444
428 444
427 443
427 443
427 443
426 443
426 443
426 442
425 442
425 442
425 442
424 442
424 442
424 442
424 442
423 441
423 441
423 441
423 441
423 441
423 441
422 441
422 441
422 441
422 441
422 441
422 441
422 441
422 441
422 441
422 441
422 441
422 441
422 441
422 441
421 441
421 441
421 441
422 441
421 441
421 441
421 441
421 442
422 442
422 442
422 442
422 442
422 442
422 442
422 442
422 442
422 442
422 443
422 443
423 443
423 443
423 444
423 444
423 444
424 444
424 445
424 445
424 445
425 445
425 445
425 446
425 446
425 446
425 446
426 447
426 447
426 447
426 447
426 448
426 448
426 448
426 448
427 448
427 448
427 448
427 448
427 449
427 449
427 449
428 449
428 449
428 449
428 449
428 449
429 450
429 450
429 450
429 450
429 450
429 450
430 450
430 450
430 450
430 450
431 451
431 451
431 451
431 451
432 451
432 452
433 452
433 452
433 452
434 453
434 453
434 453
434 454
435 454
435 454
436 455
436 455
436 455
437 456
437 456
437 457
438 457
438 457
439 458
439 458
439 459
440 459
440 459
440 460
441 460
441 461
442 461
442 462
443 462
443 462
444 463
444 463
445 463
445 464
446 464
446 465
446 465
447 465
447 466
447 466
448 467
448 467
449 468
449 468
449 469
450 469
450 470
450 470
451 471
451 471
452 471
452 472
452 472
453 473
453 473
454 474
454 474
455 474
455 475
455 475
456 476
456 476
457 476
457 477
458 477
458 478
458 478
459 479
459 479
460 479
460 480
460 480
461 481
461 481
461 481
462 482
462 482
462 483
463 483
463 484
463 484
464 485
464 485
465 485
465 486
465 486
466 487
466 487
467 488
467 488
468 488
468 489
469 489
469 490
470 490
470 490
471 491
471 491
471 492
472 492
472 492
472 493
473 493
473 494
473 494
474 495
474 495
474 496
475 496
475 497
475 497
476 498
476 498
477 498
477 499
478 499
478 500
479 500
479 500
480 501
480 501
480 502
481 502
482 502
482 503
483 503
483 503
484 504
485 504
485 504
486 505
487 505
487 505
488 506
488 506
489 506
489 507
489 507
490 507
490 508
490 508
491 509
491 509
491 509
492 510
492 510
492 510
493 510
493 511
493 511
494 511
494 511
494 512
494 512
495 512
495 513
495 513
495 513
495 513
496 514
496 514
496 514
496 514
496 515
496 515
497 515
497 516
497 516
497 516
497 517
497 517
497 517
498 518
498 518
498 518
498 519
499 519
499 519
499 520
499 520
499 520
500 521
500 521
500 521
501 521
501 522
501 522
501 522
501 523
502 523
502 523
502 523
503 523
503 524
504 524
504 524
504 524
504 524
505 525
505 525
505 525
505 525
506 525
506 525
506 526
506 526
507 526
507 526
507 527
507 527
508 527
508 527
508 528
509 528
509 528
509 528
509 529
510 529
510 529
510 529
511 529
511 530
511 530
512 530
512 530
512 530
512 531
512 531
513 531
513 531
513 532
513 532
513 532
514 532
514 532
514 533
514 533
515 533
515 533
515 534
516 534
516 534
516 534
516 534
517 534
517 534
517 534
518 534
518 534
518 534
518 534
519 534
519 534
519 534
519 534
519 534
519 534
520 534
520 534
520 534
520 534
520 534
520 534
520 534
520 534
520 534
520 534
520 534
520 534
520 534
520 534
520 534
520 534
520 534
519 534
519 534
519 534
519 534
519 534
519 534
519 534
519 534
519 534
518 534
518 534
518 534
518 534
518 534
518 534
518 533
518 533
517 533
517 533
517 533
516 533
516 533
516 533
515 533
515 532
514 532
514 532
513 532
513 532
512 532
512 532
511 532
510 532
510 532
509 532
508 532
508 532
507 532
506 532
506 532
505 532
504 532
504 532
503 531
503 531
502 531
502 531
501 531
500 530
500 530
499 530
498 530
498 529
497 529
497 529
496 528
495 528
494 528
494 527
492 527
492 527
491 527
490 527
489 527
488 527
487 527
486 527
485 526
484 526
483 526
482 526
481 526
480 526
479 525
478 525
477 525
477 525
476 524
475 524
474 524
473 524
472 523
471 523
470 523
470 523
469 522
468 522
468 522
467 521
467 521
466 521
465 520
465 520
465 520
464 519
464 519
463 519
463 518
462 518
462 518
461 517
461 517
461 517
460 516
460 516
459 516
459 515
458 515
458 515
457 514
457 514
456 514
455 514
455 513
454 513
453 513
453 513
452 512
452 512
451 512
451 511
451 511
450 511
450 511
449 511
449 510
448 510
448 510
448 510
447 510
447 509
447 509
446 509
446 509
445 509
445 508
444 508
444 508
443 508
443 508
442 507
441 507
441 507
440 507
440 506
439 506
439 506
438 506
438 505
438 505
437 505
437 505
436 504
436 504
436 504
435 503
435 503
434 503
433 503
433 503
432 502
432 502
431 502
431 501
430 501
429 501
429 501
428 500
427 500
427 500
426 500
425 499
425 499
424 498
424 498
423 498
422 497
422 497
421 497
421 496
420 496
420 496
419 495
419 495
418 495
418 494
417 494
417 494
417 494
416 493
416 493
416 493
415 493
415 493
415 492
414 492
414 492
414 492
414 492
413 492
413 492
413 492
412 492
412 492
412 492
412 492
412 492
412 492
412 492
412 492
411 492
411 492
411 492
411 492
411 492
411 492
411 492
411 493
410 493
410 493
410 493
410 493
410 493
410 493
410 494
410 494
410 494
410 494
410 495
410 495
410 495
410 495
410 496
411 496
411 496
411 496
411 497
411 497
411 497
411 497
411 497
411 498
411 498
411 498
411 498
411 499
411 499
411 499
411 499
411 500
411 500
411 500
411 500
411 501
411 501
411 501
411 501
411 501
411 502
411 502
411 502
412 502
412 503
412 503
412 503
412 503
412 504
412 504
412 504
413 504
413 504
413 505
413 505
413 505
413 506
414 506
414 506
414 507
414 507
414 507
414 508
415 508
415 509
415 509
415 509
415 510
416 510
416 511
416 511
416 511
416 512
416 512
416 512
416 513
417 513
417 514
417 514
417 515
418 515
418 515
418 516
418 516
418 517
419 517
419 518
419 518
419 518
420 519
420 519
420 520
420 520
421 521
421 521
421 521
422 522
422 522
422 523
422 523
422 523
422 524
422 524
423 524
423 525
423 525
423 525
423 525
423 526
423 526
423 526
423 526
423 527
423 527
423 527
423 527
423 527
423 528
424 528
424 528
424 528
424 528
424 528
424 528
424 529
424 529
424 529
423 529
423 529
423 529
423 529
423 529
423 529
422 529
422 530
422 530
422 530
422 530
421 530
421 530
421 530
421 530
421 530
421 530
421 530
421 530
421 530
421 530
420 530
420 530
420 530
420 530
420 530
420 530
420 530
419 530
419 530
419 530
419 530
419 530
419 530
418 530
418 530
418 530
418 530
417 530
417 530
417 530
416 530
416 530
416 530
415 530
415 530
414 530
414 530
413 530
413 530
412 530
412 529
411 529
410 529
410 529
409 529
409 529
408 528
408 528
407 528
407 528
406 528
406 527
405 527
405 527
404 527
404 527
403 526
403 526
402 526
402 526
401 525
401 525
400 525
400 525
399 525
399 524
398 524
398 524
397 524
397 524
396 523
395 523
395 523
394 523
394 523
393 522
393 522
392 522
392 522
391 522
391 521
391 521
390 521
390 521
389 521
389 520
389 520
389 520
388 520
388 520
388 519
387 519
387 519
386 519
386 519
385 519
385 518
384 518
384 518
383 518
382 517
382 517
382 517
381 517
381 516
380 516
380 516
379 516
379 515
379 515
378 515
377 514
377 514
376 514
376 514
375 513
375 513
375 513
374 512
374 512
373 512
373 512
373 511
372 511
372 511
372 511
371 510
371 510
371 510
371 510
370 510
370 510
370 509
370 509
369 509
369 509
369 509
369 509
369 509
368 509
368 508
368 508
368 508
368 508
367 508
367 508
367 508
367 508
367 508
367 507
366 507
366 507
366 507
366 507
365 507
365 507
365 507
365 507
365 507
364 507
364 507
364 506
364 506
364 506
363 506
363 506
363 506
363 506
363 506
363 506
362 506
362 506
362 506
362 505
362 505
362 505
362 505
362 505
362 505
362 505
362 505
361 504
361 504
361 504
361 504
361 504
361 504
361 504
360 504
360 504
360 504
360 503
359 503
359 503
359 503
358 503
358 503
357 503
357 503
357 503
356 503
356 502
356 502
355 502
355 502
355 502
354 502
354 502
354 502
354 501
353 501
353 501
353 501
353 501
352 501
352 501
352 501
352 501
351 501
351 500
351 500
350 500
350 500
350 500
349 499
349 499
349 499
349 499
349 498
349 498
349 498
349 498
349 497
349 497
349 497
349 497
349 496
349 496
350 496
350 496
349 496
350 496
350 496
350 496
350 496
350 496
350 496
350 496
350 496
351 496
351 496
351 496
351 496
351 496
351 496
351 496
351 496
351 496
352 496
352 496
352 496
352 496
352 496
352 496
352 496
352 496
352 496
352 496
352 496
352 496
351 496
351 496
351 496
351 496
351 495
351 495
351 495
351 495
351 495
351 495
351 495
351 495
351 495
351 495
351 495
351 494
351 494
351 494
351 494
351 494
352 494
352 494
352 493
352 493
352 493
352 493
352 493
352 493
352 493
351 493
351 493
351 493
351 493
351 493
351 492
351 492
350 492
350 492
350 492
350 492
350 492
350 492
350 492
350 492
350 491
350 491
349 491
349 491
349 491
349 491
349 491
349 491
349 491
348 491
348 491
348 491
348 491
348 491
348 491
348 491
347 491
338 497
338 497
338 497
338 497
338 497
338 497
338 497
338 496
338 496
338 496
338 496
338 496
338 496
338 497
338 497
338 497
337 497
337 497
337 497
337 497
337 497
337 497
337 497
337 497
337 497
337 497
337 497
337 497
337 497
337 497
337 497
336 497
337 497
336 496
336 496
336 496
336 496
336 496
336 496
336 496
336 496
336 496
336 496
336 496
336 496
336 496
336 496
336 496
335 496
335 496
335 496
335 496
335 496
335 496
335 496
335 496
334 496
334 496
334 496
334 496
334 496
334 496
334 496
333 496
333 496
333 496
333 496
333 496
333 496
333 496
332 496
332 497
332 497
332 497
332 497
332 497
332 497
332 497
332 497
332 497
332 497
332 497
331 497
331 497
331 497
331 497
331 497
331 497
331 497
331 497
331 497
331 497
331 497
331 497
331 497
330 497
330 497
330 497
330 497
330 497
330 497
330 497
330 497
330 497
330 497
330 497
330 497
330 497
330 497
330 497
330 497
330 497
330 497
330 498
330 498
330 498
330 498
330 498
330 498
330 498
330 498
330 498
330 499
331 499
331 499
331 499
331 499
331 500
331 500
331 500
331 500
331 500
331 500
331 501
331 501
331 501
331 501
331 501
331 502
331 502
331 502
331 502
331 502
331 502
331 503
331 503
331 503
331 503
331 503
331 503
331 503
331 503
331 504
331 504
331 504
331 504
331 504
331 504
331 504
331 504
331 505
331 505
331 505
331 505
331 505
331 505
331 505
331 505
331 505
331 505
331 505
331 506
331 506
331 506
332 506
332 506
332 506
332 506
332 506
332 506
333 506
333 506
333 506
333 506
333 506
333 506
333 506
334 505
334 505
334 505
334 505
334 505
335 505
335 505
335 505
335 505
336 505
336 505
336 505
336 505
336 505
336 505
336 505
336 505
336 505
337 505
337 505
337 505
337 505
336 505
336 505
336 505
336 505
336 506
336 506
336 506
336 506
336 506
336 506
336 506
336 506
336 507
336 507
336 507
336 507
336 507
336 507
336 507
336 508
336 508
336 508
336 508
336 508
336 508
336 508
336 508
336 508
336 508
336 508
336 508
336 509
337 509
337 509
337 509
337 509
337 509
337 509
337 509
337 509
337 510
337 510
337 510
337 510
337 510
337 510
337 511
337 511
337 511
337 511
337 511
337 511
337 512
337 512
337 512
337 512
337 512
337 512
337 513
337 513
337 513
337 513
337 513
337 514
337 514
337 514
337 514
337 514
337 514
337 515
337 515
337 515
337 515
337 515
337 516
338 516
338 516
338 516
338 516
337 516
337 516
337 517
337 517
337 517
337 517
338 517
338 517
338 517
338 518
338 518
338 518
338 518
338 518
337 518
337 518
337 519
337 519
337 519
337 519
337 519
337 519
337 519
336 519
336 519
336 519
336 520
336 520
336 520
335 520
335 520
335 520
335 520
335 520
335 520
335 520
335 521
335 521
335 521
334 521
334 521
334 521
334 522
334 522
333 522
333 522
333 522
333 522
332 523
332 523
332 523
332 523
332 523
332 523
331 524
331 524
331 524
331 524
331 524
331 524
330 525
330 525
330 525
330 525
330 525
330 526
329 526
329 526
329 526
328 526
328 527
328 527
327 527
327 527
327 527
327 528
326 528
326 528
326 528
326 528
326 529
325 529
325 529
325 529
325 530
325 530
325 530
324 530
324 530
324 531
324 531
324 531
324 531
323 532
323 532
323 532
323 532
322 533
322 533
322 533
321 533
321 534
321 534
321 534
321 534
321 535
321 535
321 535
321 535
320 535
320 536
320 536
320 536
320 536
320 537
319 537
319 537
319 537
319 538
319 538
319 538
319 538
319 539
319 539
319 539
319 540
318 540
318 540
318 541
318 541
318 541
317 541
317 542
317 542
317 542
316 543
316 543
316 543
316 544
315 544
315 545
315 545
315 545
315 546
314 546
314 547
314 547
313 547
313 548
313 548
312 549
312 549
312 549
312 550
312 550
311 550
311 551
311 551
310 551
310 552
309 552
309 553
309 553
309 553
309 554
308 554
308 555
308 555
307 555
307 555
307 556
307 556
306 557
306 557
306 557
306 557
306 558
306 558
306 558
305 558
305 559
305 559
305 559
305 559
305 559
304 559
304 559
304 560
304 560
304 560
304 560
304 560
304 560
304 560
304 560
304 560
304 560
304 560
304 560
304 560
304 560
303 560
303 560
303 561
303 561
303 561
303 561
303 561
303 561
303 561
303 561
303 561
303 561
303 561
303 561
303 561
303 560
303 560
303 560
303 560
303 560
303 560
303 560
303 560
303 560
303 560
303 560
302 560
302 560
302 560
302 560
302 560
302 560
302 560
303 560
303 560
303 560
303 559
303 559
303 559
303 559
303 559
303 559
303 559
303 559
303 559
303 559
303 559
303 559
360 507
360 507
360 507
360 507
360 506
360 506
360 506
360 506
360 506
360 506
360 506
360 506
360 506
361 506
361 506
361 506
361 506
361 506
361 506
361 506
361 506
361 506
361 506
361 506
361 505
361 505
361 505
361 505
361 505
361 505
361 505
361 505
361 505
361 505
361 505
361 505
362 505
362 505
362 505
362 505
362 505
362 505
362 505
362 505
362 505
362 505
362 505
362 505
362 505
362 505
362 505
362 505
362 505
362 505
362 505
362 505
362 506
362 506
362 506
362 506
362 506
362 506
362 507
363 507
363 507
363 507
362 507
362 507
362 507
362 507
363 507
363 507
363 507
363 507
363 508
363 508
362 508
362 508
362 508
362 509
362 509
362 509
362 510
362 510
362 510
362 511
362 511
362 511
363 512
363 512
363 512
363 512
363 513
363 513
364 513
364 513
364 513
364 513
364 513
364 513
364 514
364 514
364 514
364 514
364 514
364 514
364 513
364 513
364 513
364 513
364 512
364 512
364 512
364 512
364 513
364 513
364 513
364 513
364 513
364 513
364 513
364 513
364 513
364 514
364 514
364 514
364 514
364 514
364 514
364 515
364 515
364 515
364 516
364 516
364 516
364 517
364 517
364 517
364 518
364 518
364 518
365 519
365 519
365 520
365 520
365 520
365 521
365 521
365 522
365 522
365 523
365 523
365 524
365 524
365 525
365 525
365 526
365 526
365 527
365 527
365 528
365 528
365 529
365 529
365 530
365 530
365 531
366 531
366 532
366 532
366 532
366 533
366 533
366 534
366 534
367 534
367 535
367 535
367 536
367 536
367 537
367 537
367 538
367 538
367 539
367 540
367 540
367 541
368 541
368 542
368 542
368 543
368 543
368 544
368 544
368 545
369 545
369 546
369 546
369 547
369 547
369 548
369 548
369 549
369 549
369 550
369 550
370 550
370 551
370 551
370 552
370 552
370 553
370 553
371 554
371 554
371 555
371 555
371 555
371 556
371 556
371 557
371 557
372 557
372 558
372 558
372 559
372 559
372 560
372 560
373 561
373 561
373 562
373 562
373 563
374 563
374 563
374 564
374 564
374 564
375 565
375 565
375 566
375 566
375 566
376 567
376 567
376 567
376 568
376 568
376 568
376 568
376 569
377 569
377 569
377 569
377 570
377 570
377 570
377 570
377 570
377 571
377 571
378 571
378 571
378 571
378 571
378 571
378 571
378 571
378 571
378 571
378 571
378 572
378 572
378 572
378 572
378 572
378 572
378 572
378 572
378 572
378 573
378 573
379 573
379 573
379 573
379 573
379 573
379 573
379 573
379 573
379 573
379 573
379 573
379 573
379 573
379 573
379 573
379 573
379 573
379 573
378 573
378 573