365 167
365 167
365 167
365 167
365 167
365 167
365 167
365 167
365 167
365 167
365 167
365 167
365 167
365 167
365 167
365 167
365 167
365 168
365 168
365 168
365 168
365 168
365 168
364 168
364 168
364 169
364 169
364 169
364 169
364 169
364 169
365 170
365 170
365 170
365 170
365 170
365 170
365 170
365 171
365 171
365 171
365 171
365 172
365 172
365 172
365 172
365 172
366 173
366 173
366 173
366 173
366 173
366 174
366 174
366 174
366 174
366 174
366 175
367 175
367 175
367 175
367 176
367 176
367 176
367 176
367 177
368 177
368 177
368 177
368 177
368 178
369 178
369 178
369 178
369 179
369 179
369 179
370 179
370 179
370 179
370 179
370 180
370 180
370 180
371 180
371 180
371 180
371 180
371 180
371 180
372 181
372 181
372 181
372 181
372 181
373 181
373 182
373 182
373 182
373 182
374 182
374 182
374 183
374 183
374 183
374 183
375 183
375 184
375 184
375 184
375 184
376 184
376 184
376 184
376 184
376 185
377 185
377 185
377 185
377 185
378 185
378 185
378 185
379 185
379 185
379 185
379 185
380 185
380 185
380 185
381 185
381 185
381 185
382 186
382 186
382 186
383 186
383 186
383 186
384 186
384 186
384 186
385 186
385 186
385 186
385 187
386 187
386 187
386 187
387 187
387 187
387 187
388 187
388 187
388 187
388 187
389 187
389 187
389 187
389 187
389 187
389 187
390 187
390 188
390 188
390 188
390 188
390 188
390 188
391 188
391 188
391 189
391 189
391 189
392 189
392 189
392 189
392 189
393 189
393 189
393 189
394 189
394 189
394 189
394 189
395 189
395 189
395 189
395 189
395 190
396 190
396 190
396 190
397 190
397 190
397 190
397 190
398 190
398 190
398 190
398 190
399 190
399 190
399 190
400 190
400 190
400 190
400 190
401 190
401 190
401 190
402 190
402 190
402 190
403 190
403 190
403 190
404 190
404 190
404 190
404 190
405 190
405 190
405 190
406 190
406 190
406 190
407 190
407 190
407 190
408 190
408 190
409 190
409 190
410 190
410 191
410 191
411 191
411 191
412 191
412 191
413 191
413 191
414 191
414 191
415 191
416 191
416 191
417 191
418 191
418 191
419 191
419 191
420 191
420 191
421 191
422 191
422 191
423 191
423 191
424 191
424 192
425 192
425 192
426 192
426 192
427 192
427 192
428 192
428 192
429 192
429 192
430 192
430 193
430 193
431 193
431 193
432 193
432 193
433 193
433 193
434 193
434 194
434 194
435 194
435 194
436 194
436 194
436 194
437 194
437 195
437 195
438 195
438 195
439 195
439 195
439 196
440 196
440 196
440 196
441 196
441 196
441 196
442 196
442 196
442 197
442 197
443 197
443 197
443 197
443 197
443 198
443 198
444 198
444 198
444 198
444 199
444 199
444 199
444 199
444 200
444 200
444 200
444 200
444 201
444 201
445 201
445 201
445 201
445 201
445 201
446 202
446 202
446 202
446 202
446 202
447 202
447 202
447 203
447 203
447 203
448 203
448 204
448 204
449 204
449 204
449 205
450 205
450 205
450 205
451 205
451 206
452 206
452 206
452 206
453 206
453 206
453 206
454 206
454 207
455 207
455 207
455 207
456 207
456 207
456 207
457 207
457 207
458 207
458 207
459 208
459 208
459 208
460 208
460 208
461 208
461 209
461 209
462 209
462 209
462 210
463 210
463 210
463 210
464 210
464 211
465 211
465 211
466 211
466 211
466 211
467 212
467 212
468 212
469 212
469 212
470 213
470 213
471 213
472 213
472 213
473 214
473 214
474 214
475 214
476 214
476 214
477 215
478 215
478 215
479 215
480 216
480 216
481 216
482 216
482 216
483 217
483 217
484 217
485 217
485 218
486 218
486 218
487 218
488 219
488 219
489 219
489 219
490 220
490 220
491 220
491 220
492 221
492 221
493 221
493 221
494 222
494 222
494 222
495 222
495 223
496 223
496 223
496 224
497 224
497 224
498 224
498 225
499 225
499 225
500 226
500 226
501 226
501 226
502 227
502 227
503 227
503 227
504 228
504 228
504 228
505 228
505 229
506 229
506 229
506 230
507 230
507 230
507 231
508 231
508 231
508 231
509 232
509 232
509 232
510 233
510 233
510 234
511 234
511 234
511 235
511 235
512 236
512 236
512 236
512 237
512 237
513 238
513 238
513 238
513 239
513 239
514 240
514 240
514 240
515 241
515 241
515 241
516 242
516 242
517 242
517 243
517 243
518 243
518 243
519 244
519 244
519 244
520 245
520 245
520 245
521 246
521 246
521 246
522 247
522 247
522 247
522 248
523 248
523 248
523 249
523 249
524 250
524 250
524 250
525 251
525 251
525 252
525 252
525 253
526 253
526 253
526 254
526 254
526 254
527 255
527 255
527 255
527 256
527 256
528 257
528 257
528 258
529 258
529 258
529 259
530 259
530 259
530 260
531 260
531 261
531 261
532 262
532 262
532 262
533 263
533 263
534 264
534 264
535 265
535 265
535 266
536 266
536 267
536 267
536 268
537 269
537 269
537 270
537 271
537 271
538 272
538 272
538 273
538 273
538 274
538 275
539 275
539 276
539 276
539 276
539 277
539 277
539 278
539 278
539 279
539 279
539 280
539 280
539 281
539 281
539 281
540 282
540 282
540 283
540 283
540 283
540 284
540 284
541 285
541 285
541 285
541 286
541 286
542 287
542 287
542 287
542 288
542 288
543 289
543 289
543 290
543 290
543 291
544 291
544 292
544 292
544 293
544 293
544 294
545 294
545 295
545 295
545 295
545 296
545 296
545 297
546 297
546 298
546 298
546 299
546 299
546 300
546 300
546 301
547 301
547 302
547 302
547 303
547 303
547 304
547 304
547 305
547 305
547 306
547 306
547 307
547 307
548 308
548 308
548 309
548 310
548 310
548 310
548 311
548 311
548 312
549 312
549 313
549 313
549 314
549 314
549 315
549 315
549 315
550 316
550 316
550 317
550 317
550 318
550 318
550 319
550 319
550 320
550 320
550 321
551 322
551 322
551 323
551 323
551 324
551 325
551 325
551 326
551 326
552 327
552 328
552 328
552 329
552 329
552 330
552 331
552 331
553 332
553 333
553 333
553 334
553 335
553 335
554 336
554 337
554 337
554 338
554 339
554 339
555 340
555 341
555 341
555 342
555 343
555 343
555 344
556 344
556 345
556 346
556 347
556 347
556 348
556 349
557 350
557 350
557 351
557 352
557 352
558 353
558 354
558 355
558 356
558 356
558 357
558 358
558 359
558 359
558 360
558 361
558 362
558 362
558 363
558 364
558 365
558 365
558 366
558 367
558 367
558 368
558 369
558 369
558 370
558 371
559 371
559 372
559 373
559 374
559 374
559 375
559 376
559 376
559 377
559 378
559 379
559 379
559 380
559 381
559 382
558 382
558 383
558 384
558 385
558 386
557 386
557 387
557 388
557 389
557 389
557 390
557 391
557 392
556 392
556 393
556 394
556 395
556 395
556 396
556 397
556 398
556 399
556 400
555 400
555 401
555 402
555 403
554 404
554 405
554 405
554 406
553 407
553 408
553 408
553 409
553 410
553 410
553 411
553 412
553 413
552 413
552 414
552 415
552 415
552 416
552 417
552 417
552 418
552 419
552 419
552 420
552 421
552 421
551 422
551 423
551 423
551 424
551 425
550 425
550 426
550 427
550 427
550 428
549 429
549 429
549 430
548 431
548 431
548 432
548 432
548 433
548 434
547 434
547 435
547 436
546 436
546 437
546 438
546 439
545 439
545 440
545 441
545 441
544 442
544 443
544 444
544 444
544 445
543 446
543 446
543 447
543 448
542 449
542 449
542 450
542 451
541 452
541 452
541 453
540 454
540 455
540 455
540 456
539 457
539 458
538 458
538 459
538 460
537 461
537 461
537 462
536 463
536 464
535 464
535 465
535 466
535 466
534 467
534 468
533 469
533 470
533 470
532 471
532 472
531 472
531 473
530 474
530 474
530 475
529 476
529 476
529 477
528 477
528 478
527 479
527 480
527 480
526 481
526 481
526 482
526 483
525 483
525 484
525 484
525 485
524 486
524 486
524 487
523 487
523 488
522 489
522 489
522 490
521 490
520 491
520 492
519 492
519 493
518 493
518 494
517 495
517 495
516 496
516 496
515 497
515 497
515 498
514 498
514 499
513 500
513 500
512 501
512 501
512 502
511 502
511 503
510 504
510 504
510 505
509 505
509 506
509 507
508 507
508 508
507 508
507 509
506 510
505 510
505 511
504 512
504 512
503 513
502 513
502 514
501 515
501 515
500 516
500 517
499 517
499 518
498 519
498 519
497 520
497 521
496 521
496 522
495 523
494 524
494 524
493 525
493 525
493 526
492 527
492 527
491 528
491 528
490 529
490 529
489 529
489 530
488 530
488 531
487 531
486 532
486 532
485 532
484 533
484 533
483 534
482 534
482 535
481 535
480 536
480 536
479 536
479 537
478 537
478 537
477 538
476 538
476 538
475 539
475 539
474 539
474 540
473 540
473 540
472 541
472 541
471 541
471 542
470 542
470 542
469 543
469 543
469 543
468 543
468 544
467 544
467 544
467 544
466 545
466 545
465 545
465 546
464 546
464 546
464 547
463 547
463 547
462 548
462 548
462 548
461 549
461 549
460 549
460 550
459 550
459 551
458 551
458 552
457 552
456 552
456 553
455 553
454 554
453 554
453 554
452 555
451 555
451 556
450 556
449 556
448 557
447 557
447 558
446 558
445 558
445 558
444 559
444 559
443 559
442 559
441 559
441 559
440 559
439 560
439 560
438 560
437 560
436 560
435 560
434 561
433 561
432 561
431 561
430 562
429 562
428 563
427 563
426 563
425 564
424 564
423 565
422 565
421 566
420 566
419 567
418 567
417 568
416 568
415 569
414 569
413 570
412 570
411 571
409 571
408 572
407 572
406 572
405 573
404 573
403 573
402 574
402 574
401 574
400 575
399 575
398 575
397 576
396 576
395 576
394 577
393 577
392 578
391 578
390 578
389 579
388 579
386 579
385 579
384 580
383 580
382 580
381 581
379 581
378 581
377 581
376 582
375 582
374 582
373 582
372 582
371 583
370 583
368 583
367 583
366 583
365 583
364 583
363 583
362 583
361 583
360 583
359 583
358 583
357 583
356 583
355 583
354 583
353 583
352 583
351 583
350 583
349 583
348 583
347 583
346 583
345 583
344 583
344 583
343 583
342 583
341 584
340 584
340 584
339 584
338 584
338 584
337 584
337 584
336 584
336 584
336 584
335 584
335 584
335 584
335 584
334 584
334 584
334 584
334 584
334 584
334 584
334 584
334 584
333 584
333 584
334 584
333 583
333 583
333 583
333 583
333 583
332 583
332 583
332 583
331 583
331 583
330 583
330 583
330 583
329 583
329 583
328 583
328 583
327 583
327 582
326 582
326 582
325 582
325 582
324 582
324 582
323 582
323 582
322 582
322 582
322 582
321 582
320 581
320 581
320 581
319 581
318 581
318 581
317 581
317 580
316 580
315 580
314 580
314 580
313 580
312 579
312 579
311 579
310 579
310 579
309 579
308 578
308 578
307 578
306 578
306 578
305 577
305 577
304 577
303 577
303 577
302 577
302 577
301 577
300 577
300 576
299 576
298 576
298 576
298 576
297 576
297 576
296 576
296 575
295 575
295 575
294 575
294 575
293 575
293 575
292 575
292 574
291 574
290 574
290 574
289 574
288 573
287 573
287 573
286 572
286 572
285 571
284 571
284 571
283 570
282 570
282 570
281 569
280 569
279 569
278 568
277 568
277 567
276 567
275 567
274 566
273 566
273 566
272 565
271 565
270 565
269 564
269 564
268 564
267 563
267 563
266 563
266 563
265 562
264 562
264 562
263 561
263 561
262 561
261 561
261 560
261 560
261 560
260 559
260 559
259 559
259 558
258 558
258 558
258 557
257 557
257 556
256 556
256 556
256 555
255 555
255 554
254 554
254 554
253 553
253 553
253 552
252 552
252 551
251 551
251 550
250 550
250 550
249 549
249 549
248 548
248 548
247 547
246 547
246 546
245 546
244 546
244 545
243 545
242 544
241 544
240 543
240 543
239 543
238 542
238 542
237 541
237 541
236 540
235 540
235 539
234 539
233 538
232 538
231 537
231 537
230 536
229 536
228 535
228 534
227 534
226 533
226 533
225 532
225 531
224 531
223 530
223 530
222 529
222 528
221 528
221 527
220 526
220 526
219 525
219 525
218 524
218 523
217 523
216 522
216 522
215 521
215 521
214 520
214 520
213 519
213 518
212 518
211 517
211 516
210 516
210 515
209 514
208 514
208 513
207 512
207 512
206 511
206 511
205 510
205 510
204 509
203 509
203 508
202 507
202 507
201 506
201 506
200 505
200 505
199 504
198 503
198 503
197 502
197 502
197 501
196 500
195 500
195 499
195 499
194 498
194 497
193 497
193 496
192 496
192 495
191 494
191 494
190 493
190 493
189 492
189 492
188 491
188 491
187 490
187 489
186 489
186 488
185 488
185 487
185 486
184 486
184 485
183 485
183 484
183 484
182 483
182 483
182 482
181 481
181 481
181 480
180 480
180 479
180 478
179 478
179 477
179 477
179 476
178 475
178 475
178 474
177 474
177 473
177 472
176 472
176 471
175 470
175 469
175 469
174 468
174 467
174 467
174 466
173 465
173 465
173 464
173 463
173 462
172 462
172 461
172 460
172 460
172 459
172 458
172 458
172 457
172 457
171 456
171 455
171 455
171 454
171 454
170 453
170 452
170 452
169 451
169 450
169 450
168 449
168 448
167 448
167 447
166 446
166 445
165 445
165 444
164 443
164 442
163 442
163 441
162 440
162 439
161 439
161 438
160 437
160 436
159 436
159 435
158 434
158 433
157 433
157 432
157 431
156 430
156 429
155 429
155 428
155 427
154 426
154 425
154 424
153 424
153 423
153 422
152 421
152 420
152 419
151 419
151 418
150 417
150 416
149 415
149 414
148 413
148 413
147 412
147 411
146 410
146 409
146 408
145 407
145 406
145 405
144 404
144 403
144 402
144 402
143 401
143 400
143 399
143 398
142 398
142 397
142 396
142 395
141 394
141 394
141 393
141 392
140 392
140 391
140 390
140 389
140 389
139 388
139 387
139 386
139 386
139 385
139 384
138 383
138 383
138 382
138 381
138 380
138 380
138 379
138 378
138 377
138 376
138 376
138 375
138 374
138 373
138 373
139 372
139 371
139 370
139 370
139 369
139 368
139 368
139 367
139 366
139 366
139 365
139 365
139 364
139 363
139 362
139 362
139 361
139 360
140 360
140 359
140 358
140 358
140 357
140 356
140 356
140 355
140 354
140 353
140 353
141 352
140 351
141 350
141 350
141 349
141 348
141 348
141 347
141 346
141 346
141 345
141 344
142 344
142 343
142 342
142 342
142 341
143 341
143 340
143 339
143 339
143 338
143 338
143 337
144 337
144 336
144 335
144 335
144 334
144 334
145 333
145 333
145 332
145 332
145 331
145 331
146 330
146 329
146 329
146 328
146 327
147 327
147 326
147 325
147 325
148 324
148 324
148 323
148 322
148 322
149 321
149 320
149 320
149 319
150 318
150 318
150 317
150 317
151 316
151 315
151 315
151 314
151 313
152 313
152 312
152 311
152 311
153 310
153 309
153 309
154 308
154 308
154 307
154 307
155 306
155 305
155 305
155 304
155 303
155 303
156 302
156 301
156 301
156 300
157 299
157 299
157 298
158 298
158 297
158 297
158 296
159 295
159 295
159 294
159 294
159 293
160 292
160 292
160 291
160 290
161 290
161 289
161 289
162 288
162 287
162 287
163 286
163 285
163 285
164 284
164 283
164 283
165 282
165 282
166 281
166 280
166 280
167 279
167 278
167 278
167 277
168 277
168 276
168 275
169 275
169 274
170 273
170 273
171 272
171 272
171 271
172 271
172 270
173 269
173 269
173 268
174 268
174 267
174 267
174 266
174 266
175 265
175 264
175 264
175 263
175 263
176 262
176 262
176 261
177 261
177 260
177 260
178 260
178 259
179 259
179 258
179 258
180 258
180 257
181 257
181 256
181 256
182 255
182 255
182 254
183 254
183 254
184 253
184 253
184 252
185 252
185 251
186 251
186 250
186 250
187 249
187 249
188 248
188 248
189 247
189 247
190 247
190 246
190 246
191 245
191 245
192 244
192 244
193 243
193 243
194 242
194 242
195 241
195 241
196 240
196 240
197 239
197 239
198 239
199 238
199 238
200 237
200 237
201 236
202 236
202 236
203 235
203 235
204 234
205 234
205 234
206 233
206 233
207 233
207 232
208 232
208 231
209 231
209 230
209 230
210 229
210 229
210 229
211 228
211 228
212 227
212 227
212 227
213 226
213 226
214 225
214 225
215 225
215 224
215 224
216 223
216 223
217 223
217 222
217 222
218 222
218 222
219 221
219 221
219 221
220 220
220 220
221 220
221 220
221 219
222 219
222 219
223 219
223 218
224 218
224 218
225 218
225 217
226 217
226 217
227 216
228 216
228 216
229 216
229 215
230 215
231 215
231 214
232 214
232 214
233 214
234 213
234 213
235 213
236 212
237 212
237 212
238 211
239 211
239 210
240 210
240 210
241 209
242 209
242 209
243 208
244 208
244 208
245 208
245 207
246 207
247 207
247 206
248 206
248 206
249 205
250 205
250 205
251 204
252 204
252 203
253 203
254 203
255 202
255 202
256 201
257 201
258 200
258 200
259 200
259 199
260 199
261 198
261 198
262 198
262 197
263 197
263 197
264 196
264 196
264 196
265 196
265 195
266 195
266 195
266 195
267 195
267 194
267 194
268 194
268 194
269 194
269 194
270 194
270 194
270 193
271 193
271 193
272 193
272 193
272 193
273 193
273 193
273 193
274 193
274 192
274 192
274 192
274 192
275 192
275 192
275 191
275 191
276 191
276 191
276 191
276 191
276 191
277 190
277 190
277 190
277 190
278 190
278 190
278 190
279 190
279 190
280 190
280 190
280 190
281 190
281 190
282 190
282 190
282 190
283 190
283 190
284 190
284 190
285 190
285 190
286 190
286 190
287 190
287 190
288 190
288 190
289 190
289 190
290 190
291 190
291 190
292 190
292 190
292 190
293 190
293 190
294 190
294 190
295 190
295 190
296 190
296 190
297 190
297 190
298 190
298 190
299 190
299 190
300 190
301 190
301 190
302 190
302 190
303 190
304 190
304 191
305 191
305 191
306 191
306 191
307 191
307 191
308 191
308 190
308 190
309 190
309 190
310 190
310 190
310 190
311 190
311 190
312 190
312 190
313 190
313 190
314 189
314 189
315 189
316 189
316 189
317 189
318 189
318 189
319 189
320 189
321 189
321 189
322 189
323 189
323 189
324 189
325 189
325 189
326 188
327 188
327 188
328 188
329 188
329 188
330 188
331 188
331 188
332 188
332 188
333 188
334 188
334 188
335 188
335 188
335 188
336 188
336 188
337 188
337 188
337 188
338 188
338 188
338 188
339 188
339 188
340 188
340 188
341 188
341 188
341 188
342 188
342 188
342 188
343 188
343 188
343 188
344 188
344 188
344 188
344 188
344 188
345 188
345 188
345 188
345 188
345 188
345 188
345 188
346 188
346 188
346 188
346 188
346 188
346 188
347 188
347 188
347 188
347 188
348 188
348 188
348 188
349 188
349 188
349 188
350 188
350 188
350 188
351 188
351 188
351 188
351 188
352 188
352 188
352 188
352 188
352 189
352 189
352 189
352 189
353 189
353 189
353 189
353 189
353 189
353 189
353 189
354 190
354 190
354 190
354 190
354 190
354 190
354 190
354 190
354 190
354 190
354 190
355 190
355 190
355 190
355 190
355 190
355 190