335 74
335 74
336 74
336 74
336 74
335 74
335 74
335 75
335 75
334 75
333 75
333 75
333 75
333 75
333 75
332 75
333 75
333 75
332 75
332 75
332 75
332 76
331 76
331 76
331 76
331 76
331 76
330 76
330 76
330 76
330 76
330 76
330 76
330 76
330 76
330 77
330 77
330 77
330 77
330 77
330 77
330 77
330 77
330 77
330 77
330 77
330 77
330 77
330 78
330 78
330 78
329 78
329 78
329 78
329 78
329 78
330 78
330 78
330 78
330 78
330 78
330 78
330 78
330 78
330 78
330 78
330 78
330 78
330 78
330 78
330 78
330 78
330 78
329 78
329 78
329 78
329 78
329 78
329 78
328 78
329 78
329 78
328 78
328 78
328 78
328 78
328 78
327 78
327 78
327 78
327 79
327 79
327 79
327 79
327 79
326 79
326 79
326 79
326 79
326 79
325 79
325 79
325 79
325 80
324 80
324 80
324 80
323 80
323 80
323 80
322 81
323 81
323 81
323 81
323 81
324 82
324 82
324 82
325 83
325 83
325 83
325 83
325 83
325 83
325 84
325 84
325 84
325 84
325 85
325 85
325 85
325 85
325 85
325 85
324 85
325 85
325 86
325 86
324 86
324 86
324 86
324 86
324 86
323 86
324 87
323 87
323 87
324 87
324 88
323 88
323 88
323 88
322 88
322 88
322 88
321 88
320 88
320 88
320 88
320 88
320 88
319 88
319 88
320 88
320 88
320 88
319 88
319 89
319 89
319 89
319 89
319 89
319 89
319 89
319 90
319 90
319 90
320 91
320 91
320 91
320 91
320 91
320 92
320 92
320 92
320 92
320 92
320 93
319 93
319 93
319 93
318 94
319 94
319 94
318 95
318 95
318 95
318 95
318 95
318 96
318 96
318 96
318 97
318 97
318 97
317 97
317 97
318 97
318 98
319 98
319 98
319 98
319 98
320 98
320 99
320 99
321 100
321 100
320 101
321 101
320 101
320 101
320 102
320 102
320 102
320 102
320 103
320 103
320 103
321 103
320 104
321 104
321 104
320 105
320 105
319 106
319 106
318 106
318 106
317 106
315 106
314 106
313 106
312 107
312 107
310 107
309 107
309 107
309 108
309 108
309 108
309 108
308 109
307 109
308 109
309 110
308 110
308 110
307 111
307 112
307 112
307 113
306 113
306 113
306 113
306 114
306 114
305 114
304 114
304 114
303 114
303 114
302 114
302 114
302 114
301 114
301 114
300 114
299 114
299 114
297 114
297 115
298 115
297 115
297 116
297 116
297 116
297 117
296 117
296 117
296 117
296 118
295 118
294 118
294 119
294 119
294 120
293 120
294 120
294 121
294 121
293 121
292 122
292 122
292 122
292 123
291 123
290 123
290 123
290 124
290 124
289 124
289 124
289 125
290 125
289 125
289 126
289 126
289 126
289 126
288 126
287 126
288 127
288 127
287 127
287 127
287 127
285 127
285 127
285 128
285 128
283 128
283 128
284 128
284 128
284 128
284 129
284 129
283 129
283 129
284 129
283 129
283 129
283 129
283 130
283 130
283 130
282 130
282 130
282 131
283 131
282 132
282 132
281 132
281 132
280 132
279 132
280 133
280 133
279 133
279 133
280 133
279 133
279 133
277 134
277 134
276 134
275 134
274 134
274 135
273 135
272 135
272 135
272 136
271 136
270 136
268 136
267 136
266 137
266 137
265 137
264 136
260 136
259 136
259 136
258 136
257 136
255 135
254 135
254 136
253 136
251 136
251 136
251 138
251 138
250 138
249 138
248 138
246 138
246 138
244 138
242 137
243 137
241 137
240 137
240 137
239 137
239 136
238 136
237 136
236 136
235 135
235 135
234 135
234 136
234 136
233 136
233 136
232 136
232 137
232 137
232 138
231 138
231 139
231 139
230 139
231 139
231 140
231 140
230 141
230 141
230 142
230 142
230 142
229 143
229 143
229 143
228 143
228 143
228 144
227 143
227 144
226 144
226 144
225 144
225 145
225 145
225 145
225 145
225 146
225 147
225 148
225 148
224 148
225 149
224 149
223 150
223 150
223 151
222 151
222 151
222 152
221 152
222 152
222 152
221 152
220 152
221 153
221 153
219 153
219 153
219 153
219 153
218 153
217 153
217 153
217 153
217 154
217 154
216 154
215 154
215 154
215 155
215 155
215 155
214 156
215 156
214 157
214 157
213 157
213 157
213 157
213 157
212 157
212 157
211 157
211 157
211 158
210 158
210 159
209 159
209 159
208 159
209 160
208 160
207 160
207 159
207 160
207 160
207 161
207 161
207 161
206 162
207 162
206 162
206 162
206 162
205 162
206 163
205 163
205 163
206 164
205 164
205 164
205 165
205 165
205 166
205 167
204 167
204 168
204 168
204 168
204 168
203 169
203 169
204 170
203 169
203 170
203 170
203 171
203 171
203 172
203 172
203 172
202 173
202 173
202 173
201 173
201 174
202 175
201 175
201 176
200 176
200 176
200 176
200 176
199 176
199 176
198 177
198 177
198 177
198 177
199 178
198 178
198 178
198 178
198 179
197 179
198 179
197 180
197 181
197 181
197 182
197 183
197 184
198 185
197 185
197 185
197 186
197 186
197 185
197 186
198 187
197 187
197 187
198 188
197 188
198 188
198 188
198 188
198 189
198 189
199 189
199 190
199 190
200 191
200 191
200 191
202 192
202 192
203 192
204 193
204 193
205 193
205 193
205 193
205 193
205 193
205 193
205 193
205 193
205 193
205 192
206 193
205 192
205 193
205 192
205 192
206 193
206 193
205 193
205 193
205 192
205 192
205 192
205 192
206 192
207 192
206 191
206 191
207 191
208 191
208 191
208 191
208 191
208 191
209 190
209 191
209 190
209 190
210 190
210 190
210 190
210 189
210 188
211 188
211 189
211 188
211 188
211 188
212 188
211 187
211 187
211 187
212 186
212 186
212 186
212 186
212 186
211 185
212 185
211 185
212 185
212 185
211 184
212 184
212 184
212 184
212 184
213 184
213 184
213 184
214 184
213 184
213 184
214 185
214 184
214 185
216 185
216 185
217 186
218 186
220 187
220 187
222 188
223 188
223 189
223 188
224 189
225 189
225 189
226 189
226 189
226 189
227 188
229 189
230 189
232 190
232 190
232 190
233 190
234 191
234 191
234 191
235 191
236 191
236 191
236 191
236 191
237 191
238 191
237 191
238 191
239 191
242 192
242 192
242 192
244 192
245 193
245 193
246 193
248 194
249 194
249 194
250 194
251 194
251 194
252 194
252 194
253 194
254 195
255 195
256 195
256 195
257 195
256 194
256 194
256 193
256 193
257 193
257 192
256 191
257 191
257 191
257 191
259 192
259 192
261 192
262 192
264 193
263 192
264 192
265 193
267 193
269 193
271 194
274 195
276 196
280 197
282 197
284 198
287 199
290 199
292 200
294 200
295 200
297 201
297 200
299 201
300 201
300 201
300 200
300 200
301 200
301 199
301 199
300 198
301 199
300 198
299 198
300 198
300 198
301 198
302 198
300 197
300 197
299 197
299 197
299 197
298 197
298 197
297 196
298 197
297 196
298 196
298 196
299 196
299 196
299 195
299 195
301 195
303 196
304 196
304 196
303 196
304 196
304 196
305 195
304 195
304 195
303 195
305 195
305 195
305 195
306 195
306 195
308 195
308 195
309 195
309 195
309 194
311 194
311 194
311 194
311 194
311 194
312 194
312 193
312 193
311 193
311 193
312 193
312 193
312 193
311 193
312 192
311 192
311 192
311 191
310 191
310 191
311 190
312 190
311 190
313 190
313 190
314 191
315 191
315 191
316 191
316 191
316 191
316 191
317 191
317 191
317 191
317 191
317 191
317 191
317 191
318 191
317 191
318 191
318 191
318 191
319 192
319 192
320 192
321 192
320 192
322 193
324 193
325 193
325 193
326 193
327 193
329 193
330 193
331 193
333 193
337 193
338 193
339 192
340 192
342 192
344 191
345 191
345 191
345 191
346 191
348 191
348 191
350 190
351 190
351 190
353 190
353 190
354 190
355 190
354 190
354 190
351 190
351 190
349 190
347 190
347 190
348 190
347 190
346 190
346 190
346 190
345 190
347 190
347 191
347 191
347 191
348 191
349 191
351 191
352 191
351 192
351 192
353 192
352 192
353 192
353 192
353 191
354 191
354 191
355 191
355 191
356 191
357 191
358 191
358 191
358 191
358 192
358 192
358 192
359 192
359 192
360 192
359 192
359 192
359 192
360 192
361 192
360 193
361 193
361 193
362 193
362 193
362 193
363 193
362 193
362 193
362 193
363 193
362 193
362 193
362 193
362 193
362 192
362 192
362 192
361 192
360 192
360 192
360 192
360 192
360 192
360 192
360 192
360 192
362 192
364 193
365 193
366 193
366 193
366 193
365 194
366 194
366 194
367 194
367 194
368 194
368 194
368 194
369 194
371 194
371 194
370 194
371 194
372 194
372 194
371 194
371 194
370 194
370 194
371 194
371 194
371 194
370 194
371 194
372 194
372 194
372 194
373 194
377 195
377 195
380 196
382 195
383 195
385 195
387 195
388 195
390 194
392 194
393 194
394 193
397 193
400 192
403 192
404 192
408 191
408 191
408 191
410 191
411 190
413 189
412 190
412 189
414 189
415 189
416 188
417 188
417 188
418 188
419 188
419 187
420 187
421 187
422 187
423 187
422 187
423 187
423 187
424 187
424 187
425 187
425 187
426 187
426 187
427 187
428 187
429 187
430 187
430 187
430 187
432 186
433 186
434 186
434 186
434 186
434 187
436 187
435 187
435 187
436 187
435 188
435 188
436 188
436 188
437 188
436 189
437 189
438 189
438 189
438 189
437 189
439 189
438 190
439 190
439 190
440 190
440 190
440 190
440 190
440 191
441 191
442 190
442 190
441 191
443 191
444 191
445 191
446 191
446 192
446 192
445 192
444 193
444 193
445 193
446 192
445 192
445 193
446 193
445 193
445 194
447 193
448 193
448 193
448 193
448 194
449 193
451 193
451 193
452 193
452 193
454 192
456 192
456 192
458 191
459 191
459 191
460 191
461 190
463 189
465 188
464 188
465 187
466 187
466 186
467 186
468 186
468 186
469 186
468 187
470 187
470 187
470 187
471 187
471 187
472 187
472 188
472 188
473 188
474 188
474 188
473 188
473 189
474 188
475 188
476 189
477 189
477 189
478 189
479 189
480 189
480 188
480 189
480 189
481 189
481 189
481 190
480 190
481 190
481 191
482 191
482 191
482 191
481 193
482 193
482 194
481 194
482 194
482 195
482 195
481 196
482 197
482 197
482 198
480 200
480 200
481 200
480 201
480 202
479 203
480 202
480 202
480 203
480 203
479 204
479 204
479 204
479 204
480 203
479 203
480 204
480 204
480 204
480 204
480 204
480 205
480 205
480 205
479 205
479 205
478 205
478 204
477 205
476 205
476 205
477 204
476 204
475 204
476 204
476 204
475 204
474 204
474 203
475 202
473 203
471 203
472 202
472 202
472 201
472 201
471 201
471 200
471 200
471 199
471 199
470 198
469 199
470 198
470 198
470 197
470 197
469 196
470 195
470 194
470 194
469 193
469 193
470 191
469 191
468 191
468 190
469 189
469 188
468 188
467 188
467 187
466 186
466 186
464 186
463 185
463 184
464 183
464 182
463 181
463 180
463 180
463 178
462 178
462 176
462 175
463 174
463 172
463 171
463 170
463 169
463 168
463 166
461 167
461 166
460 166
460 165
460 165
459 164
458 164
458 163
458 162
457 162
456 162
457 161
457 160
457 160
457 160
456 159
455 159
455 159
454 159
453 159
454 158
453 158
453 158
453 157
452 156
451 156
451 156
451 156
450 155
450 154
450 153
450 154
449 153
449 153
449 153
449 152
448 152
448 151
448 151
447 151
446 150
446 150
447 149
446 148
446 148
446 147
444 147
444 147
445 146
444 145
445 145
443 144
443 144
443 144
442 143
442 143
442 142
443 141
443 141
442 140
442 139
443 138
443 138
443 137
443 137
442 136
442 135
441 135
441 134
441 133
440 132
439 132
439 132
439 131
438 131
438 130
437 130
437 130
436 130
436 130
436 129
436 129
435 129
435 128
434 128
434 128
434 128
433 128
432 127
432 127
431 127
432 127
431 127
430 127
428 127
427 127
427 127
427 127
427 126
426 126
426 126
426 125
426 125
426 124
426 124
425 124
425 124
424 123
425 123
424 122
423 122
421 123
422 122
420 122
419 122
418 122
418 122
416 122
414 122
414 121
413 120
412 121
411 121
410 120
409 120
409 120
408 119
407 120
406 119
407 119
406 119
406 118
406 118
405 117
404 117
403 117
403 117
403 116
403 116
403 115
402 115
402 114
401 114
400 113
399 113
398 113
397 113
396 113
396 113
396 112
394 112
394 112
393 112
393 111
393 111
392 111
392 111
391 111
392 110
392 110
391 110
390 110
390 110
389 110
389 110
389 110
388 109
388 108
388 108
387 108
386 107
386 107
386 106
386 106
386 105
385 105
384 105
384 105
383 105
382 104
382 104
381 104
381 104
381 104
381 103
381 103
380 103
381 102
381 102
380 102
379 102
379 102
379 102
379 101
378 100
378 100
377 100
376 99
376 99
375 99
375 99
375 98
374 98
374 98
374 98
374 98
373 98
373 98
372 98
371 97
370 97
370 97
369 97
369 96
369 96
369 96
369 95
369 95
368 95
368 95
368 94
368 94
367 94
366 94
366 94
365 93
364 93
363 93
363 93
362 93
363 92
362 92
362 92
361 92
361 91
359 91
357 91
357 91
357 91
357 91
356 90
355 90
355 90
354 90
354 90
353 90
353 89
352 89
351 89
351 89
351 89
351 89
351 88
350 88
350 88
350 88
348 88
348 87
347 87
348 86
347 86
346 86
346 85
345 85
344 85
343 84
344 84
343 84
343 84
342 84
341 84
340 84
340 84
339 84
338 84
338 84
338 84
338 84
337 83
337 83
336 83
336 82
336 82
336 82
335 82
334 81
334 81
334 81
334 81
332 81
332 81
332 81
331 80
331 80
330 80
330 80
331 80
331 80
331 80
331 80
331 79
331 79
331 79
331 79
331 79
331 79
331 79
331 80
331 80
331 80
331 80
331 80
331 79
331 79
331 79
331 79
331 79
331 79
331 79
333 79
332 79
333 79
334 80
335 80
336 80
336 80
337 80
337 80
337 80
337 80
337 80
337 80
337 80
337 80
337 79
336 79
335 79
335 78
335 78
335 78
336 77
336 77
337 77
337 77
337 77
337 77
337 77
338 77
338 77
338 77
338 77
338 77
338 77
338 77
339 77
339 77
339 77
340 78
341 78
341 78
341 78
340 78
339 78
340 78
340 78
340 78
341 78
341 78
340 78
340 79
339 79
339 79
339 79
339 79
339 79
339 79
339 80
339 80
339 80
340 81
340 82
340 82
340 83
340 83
340 84
340 84
340 85
341 85
341 86
341 86
341 87
341 87
341 88
341 88
340 89
340 90
340 90
339 91
339 91
339 91
339 93
339 93
339 94
338 95
338 95
338 96
338 97
337 97
337 98
337 98
335 99
335 100
334 101
334 101
334 102
334 103
333 104
332 104
331 105
329 106
329 107
328 108
327 109
326 110
325 111
324 111
324 112
320 114
319 114
319 115
318 116
317 117
315 117
314 118
313 119
312 120
311 121
311 122
311 123
311 124
310 125
309 125
308 127
308 128
307 130
306 130
304 131
303 131
303 132
303 134
302 134
301 135
300 136
300 137
299 138
299 139
298 140
295 142
295 143
294 144
293 145
292 145
291 146
290 147
290 148
289 149
287 151
286 152
286 152
286 153
285 154
285 155
284 155
284 156
284 157
283 157
283 158
281 158
282 159
282 160
280 160
281 162
281 162
280 163
279 163
277 163
277 163
276 163
278 164
279 165
278 165
277 165
276 165
277 165
276 166
275 166
275 167
274 167
275 167
273 167
273 167
273 168
272 168
271 168
273 169
272 169
272 170
270 170
270 170
268 170
268 170
269 171
269 171
269 172
268 172
269 173
269 173
269 173
267 173
267 174
266 174
265 174
264 174
262 174
262 175
262 175
261 175
260 175
259 175
258 176
256 176
255 176
252 175
251 175
251 176
249 175
249 176
248 176
247 177
245 177
245 178
245 178
245 178
244 178
244 179
243 179
242 179
241 179
239 178
239 179
238 179
237 179
236 178
236 179
236 179
236 179
236 179
235 179
235 179
236 179
235 179
234 179
236 180
234 179
236 180
234 179
234 180
234 180
235 181
235 181
234 181
233 180
234 181
232 181
232 181
232 181
232 181
232 182
232 182
231 182
230 182
230 182
231 183
230 182
229 182
229 182
228 183
228 183
228 183
229 183
229 183
229 184
228 183
228 183
228 184
230 184
230 185
229 184
230 185
230 185
230 185
231 186
230 185
230 185
230 185
229 185
229 185
230 185
231 185
231 184
229 183
228 182
229 182
231 183
231 183
229 183
229 183
229 183
229 183
230 183
229 183
229 183
230 184
230 184
230 184
229 184
229 184
229 185
229 185
227 184
228 185
228 184
227 184
227 183
227 184
227 183
227 184
226 184
226 184
226 184
227 184
225 183
226 184
225 184
225 184
225 184
224 184
224 184
224 184
224 184
223 184
223 184
223 184
224 184
225 185
224 185
223 185
223 185
224 185
223 185
223 185
223 185
223 185
223 185
222 185
223 186
222 186
223 187
223 187
222 187
222 187
221 187
222 188
222 188
221 188
222 189
221 189
221 190
220 190
220 190
220 190
220 191
218 191
218 192
217 192
218 193
217 194
217 194
216 195
216 195
216 196
215 197
215 197
215 198
213 199
214 200
213 200
214 201
212 201
212 202
211 202
212 203
212 203
211 204
211 204
210 204
211 205
210 205
209 205
209 206
209 206
209 207
208 207
207 208
207 208
208 209
208 209
207 210
207 211
207 212
206 212
207 213
206 213
208 215
206 215
206 215
205 216
205 217
206 218
206 219
205 220
205 221
205 221
206 222
205 223
205 224
205 225
205 226
205 226
204 227
204 228
204 228
204 229
204 230
203 230
204 230
204 231
204 232
203 232
203 233
202 233
202 234
202 235
202 235
202 237
202 237
201 238
202 239
202 240
201 240
201 241
201 241
201 242
201 242
200 243
200 243
200 244
201 245
199 245
199 246
199 247
199 247
198 247
199 248
199 249
198 249
199 250
198 250
198 251
198 252
197 251
197 252
197 253
196 253
197 254
196 254
196 254
195 254
196 255
195 255
194 255
194 256
194 257
195 258
194 259
193 259
194 260
193 260
193 261
194 262
194 263
193 264
193 265
193 265
194 266
193 267
193 268
193 269
193 270
193 271
192 271
192 272
191 272
192 272
191 273
191 274
191 275
191 275
192 276
191 276
190 277
190 278
190 279
191 279
191 280
191 281
191 281
190 282
190 283
190 283
191 284
190 284
191 285
190 285
189 285
189 285
190 286
189 287
189 287
190 288
189 288
189 289
189 290
189 291
189 291
190 292
189 293
189 294
189 295
189 296
188 296
189 297
188 298
188 299
188 300
188 301
189 302
188 302
188 303
188 304
188 304
188 306
187 305
187 306
187 307
187 308
187 308
187 309
187 310
187 311
187 312
187 313
187 314
187 315
187 316
187 317
187 318
187 318
187 320
187 320
186 321
186 321
186 324
187 325
186 326
186 327
186 327
186 328
186 329
186 331
186 331
186 331
186 333
186 333
186 334
186 334
186 334
186 335
186 335
186 336
186 337
186 338
186 338
186 339
186 339
186 340
186 340
186 341
186 341
186 342
186 343
186 342
186 343
186 344
186 344
186 345
186 346
186 346
186 346
186 347
186 347
186 347
187 348
186 347
186 348
186 348
186 348
186 348
186 348
186 348
186 348
186 348
186 348
187 348
186 348
186 348
187 349
187 348
186 348
187 348
187 348
187 349
188 349
187 349
187 349
188 349
188 349
188 349
188 350
188 350
188 350
189 350
188 350
189 350
189 350
189 350
189 350
189 350
190 350
190 350
192 351
193 352
193 352
194 352
193 352
193 352
192 351
192 350
193 350
193 350
193 349
192 348
192 348
193 349
193 348
191 346
192 347
192 346
192 346
192 345
193 345
192 344
193 344
193 343
194 343
194 343
193 342
194 342
195 342
196 342
198 342
199 343
199 343
200 344
201 344
202 344
203 345
205 345
205 345
207 346
208 346
209 346
208 346
209 346
210 346
212 346
212 346
215 347
214 347
220 348
221 348
222 348
222 348
221 347
224 348
226 349
229 349
227 350
230 350
228 349
229 349
230 350
230 350
229 349
228 348
231 348
233 349
232 349
232 349
236 350
234 350
238 350
238 350
239 350
240 351
241 351
242 351
241 350
243 350
240 350
241 350
242 349
241 349
243 349
243 348
242 348
243 348
243 348
240 347
244 347
245 347
240 345
242 346
243 346
244 346
244 345
243 345
242 345
245 345
245 345
246 345
248 346
250 347
250 346
254 347
253 347
258 347
259 347
264 348
266 348
267 348
268 348
269 348
272 348
274 348
271 347
274 347
276 347
277 347
276 347
276 346
276 346
280 347
279 347
280 347
284 348
283 348
283 348
283 348
289 349
284 348
289 348
288 348
290 348
293 349
296 349
299 350
299 350
297 350
300 350
299 350
299 351
303 351
302 351
310 351
308 351
309 351
307 351
309 351
310 352
312 352
310 351
313 352
312 351
312 351
311 351
313 352
315 352
317 352
317 352
315 352
315 352
318 352
318 352
321 352
323 352
326 352
330 352
329 352
330 352
330 352
333 352
333 352
335 352
338 352
337 352
336 352
339 353
337 353
335 353
337 353
340 354
342 354
339 354
337 354
337 354
339 354
340 354
340 354
338 354
339 354
337 354
341 355
340 355
340 355
341 354
344 354
341 354
342 354
342 354
344 355
341 354
344 354
344 355
346 354
344 354
343 354
340 354
342 355
342 355
342 355
343 355
342 355
346 355
345 355
345 355
348 355
347 356
348 356
348 356
350 356
348 356
346 356
347 357
347 356
351 357
351 356
352 357
349 356
353 356
354 356
356 356
354 356
355 356
355 356
358 356
359 356
356 356
366 356
366 356
369 356
368 356
368 357
374 356
375 357
375 357
381 356
385 358
386 358
386 358
386 358
389 358
389 358
390 358
394 358
396 358
399 358
399 357
400 357
404 357
404 357
404 357
402 357
405 358
405 357
404 358
403 358
404 358
404 358
405 358
405 358
409 358
409 359
413 359
411 360
411 360
413 359
414 360
412 360
415 360
412 360
415 361
416 360
416 361
416 361
415 362
420 361
418 361
421 361
422 362
424 362
428 362
428 362
428 362
427 362
430 362
430 361
434 361
435 361
434 361
433 361
436 361
436 361
437 361
435 361
436 361
437 361
439 360
439 361
445 359
440 360
440 360
441 360
445 359
447 359
445 360
447 360
447 360
443 361
447 360
452 359
452 359
452 359
450 359
450 359
452 359
455 359
454 359
454 359
456 359
456 359
458 359
461 358
460 359
460 359
460 360
465 358
464 359
463 359
464 359
465 359
464 359
465 359
470 357
470 357
473 356
471 357
474 356
475 356
478 355
480 354
481 354
484 354
485 354
485 354
485 354
486 353
485 354
488 352
488 352
490 351
491 351
493 351
491 352
491 352
492 352
493 352
495 352
494 353
494 353
495 353
494 353
494 354
494 354
496 354
495 354
497 354
496 354
496 355
496 355
499 354
498 354
500 354
499 354
498 354
500 354
501 354
499 354
498 354
501 352
500 352
500 351
500 351
499 352
499 352
500 351
501 351
501 351
502 351
502 351
501 352
501 352
502 352
500 353
500 353
498 354
499 354
498 353
497 354
497 354
498 353
496 354
496 354
496 354
497 353
494 354
492 354
494 353
493 352
493 353
492 353
491 353
490 354
488 353
487 354
486 354
486 353
485 353
486 352
487 352
485 352
487 351
483 351
483 351
484 350
483 350
482 349
483 349
483 349
481 349
483 347
481 347
480 347
479 346
480 346
477 346
478 345
480 345
480 344
480 344
479 343
479 343
481 343
479 343
479 342
480 341
477 342
478 341
480 340
478 340
480 339
477 340
477 339
477 338
477 338
478 337
478 337
477 337
477 336
478 335
477 335
475 334
474 334
475 332
474 332
476 331
473 331
474 331
475 330
473 330
473 330
474 329
474 329
472 329
475 328
473 328
473 328
472 328
473 326
472 325
472 325
473 324
473 323
472 323
472 323
472 322
473 321
474 320
474 320
473 320
475 319
473 319
471 319
472 318
471 318
471 317
471 316
472 315
472 314
471 314
470 313
470 312
469 312
468 310
467 309
467 308
465 308
466 307
465 306
465 305
468 304
467 304
466 304
466 303
466 301
465 300
464 300
462 300
462 299
462 298
463 297
462 297
462 296
461 296
461 295
460 295
462 293
461 292
460 292
460 292
461 291
461 290
460 290
462 289
460 289
460 288
463 286
462 286
462 285
460 285
461 285
462 283
465 282
463 282
464 282
464 281
463 281
464 279
462 279
463 279
463 278
462 277
462 277
462 276
464 275
461 275
462 275
461 274
460 274
459 273
458 273
459 273
459 272
459 271
459 271
458 270
457 270
457 269
457 269
457 269
456 268
457 268
457 267
456 266
456 266
455 265
455 265
455 264
453 264
453 264
454 263
455 262
455 262
452 263
452 262
451 262
453 261
451 260
450 260
451 259
452 257
452 256
452 256
450 257
449 256
451 254
451 253
451 253
451 253
451 253
450 253
450 253
448 252
450 251
449 251
450 250
448 250
448 250
448 249
447 249
449 248
448 247
445 248
446 247
446 247
445 247
444 247
445 246
445 245
447 244
443 245
444 244
445 244
445 244
444 244
444 244
444 243
442 243
442 243
441 242
442 242
442 242
441 242
441 241
441 241
441 241
440 240
441 239
439 239
440 239
438 238
438 238
438 237
438 237
436 237
436 236
435 236
435 235
435 235
435 234
435 234
435 233
435 233
434 232
434 232
433 232
433 231
433 231
434 231
432 231
432 230
432 230
433 229
433 229
432 229
432 229
433 228
433 227
433 227
432 227
432 227
434 226
434 226
432 226
430 226
431 225
430 225
430 224
430 224
430 224
429 224
428 224
428 223
429 222
428 222
428 222
429 221
429 221
428 220
428 220
428 219
428 219
428 218
427 218
429 217
427 217
429 216
428 216
429 215
429 215
429 215
428 215
429 214
429 214
428 214
429 213
429 213
430 212
430 212
430 213
430 212
429 212
430 211
432 211
431 211
432 211
432 210
432 210
431 210
431 210
432 209
433 209
433 209
434 209
433 209
433 208
434 208
433 208
433 208
432 208
432 207
432 207
432 207
432 206
432 206
433 206
435 205
433 205
433 204
432 204
433 204
433 204
434 204
433 204
433 204
433 204
432 204
431 204
433 204
432 204
432 204
432 204
432 205
432 205
432 205
433 204
433 205
434 204
433 204
432 204
432 205
433 204
432 205
432 205
434 205
434 205
434 206
434 206
434 205
434 205
433 205
433 206
434 205
434 205
434 205
435 204
434 204
435 204
435 204
436 203
435 204
436 203
437 203
438 203
438 203
438 203
439 202
439 202
439 202
440 202
440 202
440 202
439 203
440 203
440 202
440 202
440 203
440 202
439 202
440 202
439 202
440 202
440 202
441 202
440 202
440 202
440 202
441 201
442 201
442 201
443 201
441 201
442 200
443 200
442 200
444 199
444 199
443 199
443 199
442 198
442 198
442 198
441 198
441 198
439 199
440 198
439 199
439 198
440 198
440 198
440 198
439 198
439 199
440 199
441 198
442 198
443 198
443 197
444 197
443 198
444 197
445 196
445 196
446 196
447 196
447 196
447 196
446 196
448 196
448 196
448 196
448 196
449 196
448 196
448 197
447 197
448 197
448 197
449 197
448 198
449 199
449 199
450 199
451 200
450 201
450 201
450 202
451 202
452 202
451 203
452 203
452 204
453 204
452 205
451 206
452 206
452 207
452 209
451 209
449 211
451 211
450 213
448 214
447 215
445 217
445 218
444 219
441 220
440 222
439 223
440 224
437 225
436 226
435 227
436 228
436 229
436 229
434 231
430 233
430 234
429 234
431 235
429 236
429 237
427 238
427 238
426 239
425 240
423 242
422 243
420 244
420 245
419 245
417 246
415 248
413 249
411 250
411 251
412 251
414 251
411 252
409 253
406 255
402 256
401 257
397 258
397 259
395 259
395 260
392 261
392 261
389 263
390 263
389 264
387 265
388 266
388 267
386 267
386 268
385 269
383 269
381 270
379 271
377 271
378 271
378 272
375 272
377 273
373 273
366 274
364 274
362 273
362 273
360 273
360 273
354 273
352 273
350 273
348 273
346 273
346 272
343 272
341 272
340 271
341 271
339 271
339 270
337 270
336 269
335 269
333 268
334 267
333 267
330 266
329 266
327 265
323 264
325 264
323 263
323 263
323 262
321 262
320 261
321 261
319 260
320 260
321 259
322 259
319 258
319 258
321 258
316 257
317 257
315 256
314 255
313 254
313 254
311 253
310 253
310 253
311 252
309 252
308 251
308 251
308 251
309 251
308 250
307 250
307 250
306 250
307 250
307 249
307 248
307 248
307 248
308 247
308 247
306 247
304 247
304 247
304 246
305 246
306 246
307 246
308 245
306 245
306 245
306 245
306 245
306 245
306 244
305 244
304 244
303 244
302 244
299 243
301 243
298 243
297 243
294 242
292 242
291 242
289 241
286 241
286 241
284 240
280 239
279 239
278 239
277 239
274 238
270 237
268 236
265 235
262 234
262 233
261 233
262 232
258 229
259 229
258 228
259 228
257 227
256 226
256 226
256 225
256 225
254 224
251 223
252 223
251 222
250 222
251 222
253 222
252 222
251 221
252 221
251 221
252 221
252 220
252 220
252 220
253 221
253 220
252 220
253 220
253 220
253 219
252 219
251 218
252 218
250 217
250 217
252 217
252 217
250 216
249 216
249 216
249 216
248 215
246 214
245 214
242 213
242 213
241 213
239 212
239 212
238 212
238 211
236 211
236 211
235 210
235 210
234 210
234 210
234 210
234 209
234 209
234 210
234 209
233 209
232 208
231 207
231 207
230 207
229 207
228 206
230 207
229 207
230 207
230 207
230 207
230 207
230 207
231 207
230 207
231 207
231 207
230 206
231 206
232 207
232 207
232 207
231 207
232 207
231 206
232 206
233 206
232 206
232 205
231 205
232 205
233 205
233 205
233 205
234 205
234 205
234 204
233 204
233 204
234 204
233 203
233 203
234 203
234 203
233 203
235 204
234 203
234 203
234 203
234 203
234 203
234 203
233 203
234 203
235 204
235 204
235 204
234 204
236 204
236 204
236 204
236 204
236 204
235 204
235 204
236 204
236 204
236 203
236 203
236 203
237 203
236 202
237 203
235 202
234 202
235 201
235 202
236 202
236 202
236 201
237 202
237 202
237 202
236 202
236 202
235 202
236 202
236 202
235 201
235 201
235 201
235 201
234 201
236 202
236 202
235 202
235 202
236 202
236 202
235 202
234 201
234 202
234 201
236 202
235 202
235 202
234 202
234 202
234 202
233 201
233 202
233 202
232 201
232 201
232 202
232 202
232 202
232 202
231 201
231 202
232 202
232 202
232 203
231 202
231 203
232 203
231 204
235 205
233 205
233 205
233 205
234 206
234 206
234 206
233 206
231 204
233 205
233 206
234 206
233 207
235 208
233 208
234 208
234 208
234 208
234 209
234 210
233 210
233 210
233 210
234 211
233 211
232 211
231 211
232 212
232 212
233 213
232 213
233 213
231 213
231 214
230 214
230 214
230 215
230 215
229 215
230 216
229 216
230 216
231 217
230 218
230 219
230 219
230 220
230 221
229 221
229 221
230 221
229 221
229 222
229 222
229 222
228 222
227 221
227 221
227 222
226 221
226 221
225 221
226 222
224 222
223 221
223 221
224 223
224 223
224 224
223 224
223 224
223 224
222 224
223 225
224 226
223 226
222 226
223 227
222 227
222 227
222 228
223 228
221 228
222 229
222 230
220 230
221 231
220 231
221 232
218 231
220 232
219 232
218 233
217 233
218 235
217 235
217 236
215 236
216 236
216 236
215 236
215 237
216 238
215 238
215 239
215 240
214 240
214 240
214 241
214 242
214 242
213 242
214 242
213 243
213 243
214 244
213 244
213 244
213 244
214 245
213 245
214 246
213 246
213 247
213 248
213 248
213 248
213 249
214 249
213 250
214 250
213 250
212 250
212 251
213 251
213 252
212 252
213 253
212 253
212 254
213 255
213 256
212 256
212 257
211 257
211 257
212 257
211 258
211 258
212 259
211 259
212 260
211 261
211 261
210 262
210 263
211 263
210 263
210 264
209 264
209 264
210 265
210 265
209 264
210 265
210 266
209 265
209 265
209 266
209 265
208 266
208 266
209 267
210 267
210 267
210 267
209 267
209 267
210 267
210 267
210 267
209 267
209 268
210 268
211 268
211 268
211 269
211 269
210 269
211 269
210 269
211 269
213 269
213 269
213 269
213 269
212 268
213 269
214 269
212 268
214 269
214 269
214 268
214 268
214 268
214 268
215 268
214 268
215 268
215 268
215 268
216 267
215 267
216 267
217 268
218 268
218 267
218 267
217 267
218 267
219 267
219 267
219 266
219 266
219 266
221 265
220 265
221 265
221 264
221 264
221 264
220 263
221 263
221 262
221 262
221 261
220 261
221 261
220 260
221 260
220 260
220 259
221 259
221 259
222 259
222 259
224 259
223 259
224 260
223 259
224 259
224 259
225 259
225 259
226 259
225 259
226 259
227 259
228 259
227 259
228 259
229 259
230 259
231 260
229 259
230 259
231 259
232 260
231 259
231 259
232 259
232 259
232 259
231 259
231 259
231 259
232 259
232 260
233 260
232 259
232 259
231 259
232 259
235 261
235 261
238 262
237 262
241 264
242 265
243 265
244 266
243 266
247 267
253 269
254 270
256 270
259 271
260 271
262 272
265 273
264 273
266 273
265 273
268 274
270 274
271 274
275 274
277 274
279 275
279 275
283 275
285 276
285 276
287 276
290 276
292 277
294 277
293 277
294 277
298 278
298 278
300 278
302 278
300 278
303 278
304 278
306 278
304 278
309 279
311 278
309 278
311 279
312 279
313 279
315 279
316 280
316 279
316 279
319 280
321 280
320 279
319 279
321 280
325 280
325 279
327 280
330 279
331 279
334 280
337 280
335 280
337 280
338 280
340 280
341 280
340 280
343 279
346 279
346 279
346 279
348 278
350 278
351 278
353 277
353 277
355 277
355 277
355 277
356 277
356 277
356 276
356 276
358 275
358 275
360 274
360 274
358 274
358 273
359 273
358 272
358 271
360 270
360 270
359 270
359 268
361 267
363 267
362 266
364 266
364 266
365 264
366 263
367 262
368 262
367 262
367 261
368 260
371 259
371 258
371 257
371 257
371 256
371 256
370 256
370 255
370 255
371 254
372 254
372 253
370 253
374 252
373 252
374 251
375 251
376 250
377 249
377 249
376 249
377 248
380 247
380 246
379 246
380 246
379 245
381 245
381 244
383 244
381 244
383 242
382 242
383 241
383 241
383 241
384 240
382 240
383 240
383 239
382 239
383 239
383 238
382 238
379 238
379 237
377 237
378 237
377 236
376 236
376 236
375 235
374 235
374 234
373 234
373 233
372 233
372 232
372 232
372 231
372 231
373 230
373 230
373 229
373 229
371 228
371 228
371 227
370 227
370 226
370 226
369 225
371 225
369 225
368 225
368 224
367 224
367 223
367 223
366 223
366 222
366 222
366 222
365 222
365 221
364 221
363 221
364 221
363 221
364 221
366 221
365 221
366 220
365 220
363 220
363 220
364 220
362 219
361 219
361 219
362 218
362 218
361 218
360 218
360 217
360 217
359 216
359 216
360 215
360 215
360 215
360 215
359 214
359 214
358 214
358 214
357 214
357 214
357 213
356 213
355 213
354 213
352 213
353 213
350 214
348 214
347 214
347 214
345 214
344 214
342 214
342 214
343 215
341 215
341 215
340 215
340 216
338 216
337 216
336 215
336 216
335 216
334 216
333 216
332 216
332 216
331 216
330 215
329 215
329 215
329 214
328 214
327 214
325 214
324 214
323 214
322 214
322 213
322 214
320 213
319 213
316 213
316 213
314 213
314 213
312 212
312 212
310 212
312 212
311 212
311 212
309 212
309 212
309 212
307 212
307 212
305 212
304 212
303 212
302 212
301 212
301 212
301 212
302 212
301 212
302 212
303 213
302 213
302 213
302 213
301 212
300 212
300 212
299 212
297 212
297 212
296 212
295 212
292 211
292 211
292 211
291 211
288 210
287 210
286 210
285 210
286 210
284 210
284 210
284 210
284 211
284 211
285 211
284 211
281 210
282 211
281 210
282 211
281 211
281 211
280 211
281 211
281 211
280 211
280 211
280 212
281 212
283 213
283 213
282 213
283 213
283 213
282 213
282 213
282 213
284 214
283 214
282 214
280 214
279 214
278 214
278 214
277 214
277 214
276 214
276 214
276 214
276 214
276 214
275 214
275 214
274 214
273 213
272 213
272 213
269 212
268 212
267 212
267 212
266 212
265 212
264 212
264 212
266 212
261 211
260 210
259 210
260 210
260 210
260 210
259 210
259 210
258 210
257 210
257 210
257 210
256 210
256 210
257 211
257 211
257 211
254 210
254 210
253 211
252 210
251 211
250 210
249 210
247 209
246 209
246 209
246 210
244 209
245 209
245 209
245 209
244 209
244 209
242 208
243 209
243 209
242 209
243 209
242 209
243 210
243 210
244 210
243 210
242 210
242 210
242 211
241 210
241 211
242 211
241 210
240 210
239 210
239 210
240 210
239 210
240 210
240 211
241 211
240 211
241 211
240 211
240 212
241 212
240 212
238 212
239 212
239 212
240 212
239 211
238 211
237 210
238 210
238 210
237 209
237 209
238 209
238 209
238 209
238 209
238 209
238 209
237 208
238 209
238 209
238 209
237 209
237 208
238 209
237 208
237 208
236 207
236 207
235 206
236 206
237 206
237 206
236 206
238 206
239 207
238 207
238 207
238 207
240 208
241 208
240 207
241 207
241 207
242 207
241 207
240 206
241 207
241 207
243 207
244 207
244 206
244 206
244 206
245 206
244 206
243 206
244 207
244 207
244 207
243 207
242 208
242 207
241 207
242 208
242 209
244 210
243 210
241 211
242 212
244 215
244 216
244 217
243 218
244 219
244 221
244 222
247 225
247 226
248 228
248 229
247 229
250 232
251 232
252 234
252 235
253 236
254 237
256 238
258 239
260 241
266 244
268 246
268 247
270 248
271 249
273 250
277 252
280 253
281 255
282 257
283 258
284 259
288 261
289 262
288 263
291 265
291 266
294 268
297 269
298 271
298 272
297 273
301 274
302 276
301 277
303 278
305 280
306 281
303 282
304 284
307 287
307 288
307 289
309 291
310 292
312 293
311 294
312 295
315 297
315 298
320 299
321 300
317 301
316 302
319 303
319 304
320 305
317 306
321 308
322 310
324 310
329 312
330 312
331 313
332 314
334 314
334 314
337 316
333 316
336 316
336 317
336 317
334 317
333 317
335 317
334 317
335 318
336 317
336 317
339 318
342 318
343 318
344 318
346 317
346 317
343 317
347 318
345 318
342 318
344 318
344 318
340 318
340 319
342 319
342 319
340 320
342 319
342 319
342 320
342 320
338 320
342 321
339 321
343 321
345 322
346 322
344 323
344 323
346 324
346 324
342 325
347 325
346 325
344 326
344 326
346 327
343 327
345 328
343 328
342 329
343 329
343 330
344 330
342 331
342 331
341 332
339 332
342 332
341 332
342 333
342 333
342 333
341 333
343 334
343 334
342 334
340 334
339 335
342 335
343 335
343 335
344 336
342 336
343 336
344 336
340 336
343 336
341 336
342 336
342 336
338 336
340 335
340 336
338 335
338 336
340 336
334 335
335 336
335 336
333 335
335 335
333 335
329 335
331 335
330 335
331 335
331 336
334 336
328 335
330 335
329 335
327 335
328 335
328 335
329 336
327 336
329 337
328 337
326 337
327 337
325 337
327 337
328 337
325 337
329 337
324 337
325 337
324 336
326 337
324 337
323 337
318 336
324 336
323 336
320 336
317 335
320 336
320 336
323 337
321 336
318 336
319 335
319 335
317 335
318 335
317 335
314 335
314 335
318 335
319 336
317 336
314 336
316 336
315 336
316 336
316 337
312 336
310 336
310 336
309 336
309 337
310 337
309 337
308 337
306 336
307 336
309 337
305 336
303 336
304 336
307 336
303 335
305 336
304 335
303 336
302 336
303 336
304 336
306 336
307 336
308 337
306 336
307 337
309 337
309 337
308 337
307 336
305 336
305 336
305 336
304 336
306 336
304 335
306 335
305 335
305 335
307 335
301 334
301 333
300 333
302 332
299 332
300 332
304 332
301 331
305 332
305 331
302 331
301 330
303 330
304 330
304 330
301 330
301 329
301 329
303 330
306 329
306 329
304 329
304 328
305 328
303 328
303 327
303 327
304 327
305 327
304 326
305 326
306 325
304 324
307 324
307 323
306 323
307 323
305 323
308 323
308 322
309 321
308 321
311 321
312 321
307 320
306 319
307 319
310 319
309 319
311 319
309 319
312 318
314 318
315 318
315 318
317 317
319 316
316 316
318 315
317 314
318 314
320 314
319 313
320 313
319 312
319 311
321 311
317 310
321 310
318 309
318 308
320 307
322 307
320 306
318 305
321 305
323 305
323 304
322 303
323 302
324 302
323 302
325 301
325 301
325 301
328 300
329 300
328 300
326 299
326 299
327 298
326 297
329 297
332 296
330 295
329 294
331 294
329 293
327 292
328 291
329 291
328 290
328 289
327 287
327 287
330 286
327 286
326 285
326 285
325 284
327 283
330 282
331 281
332 281
330 280
332 279
331 278
332 278
331 277
333 276
333 275
333 275
332 274
330 273
331 272
332 271
331 270
329 270
331 269
329 268
329 268
330 267
332 267
329 266
329 266
331 266
333 265
331 264
333 264
332 264
331 263
332 263
333 262
333 262
334 261
333 261
333 260
334 260
334 259
332 259
331 259
333 257
332 256
334 256
332 256
333 255
335 254
337 254
337 253
337 253
338 252
340 252
340 252
341 251
344 251
347 251
346 251
346 250
347 250
347 249
347 249
347 248
347 247
346 247
346 246
347 245
347 245
346 244
346 243
348 243
347 242
349 241
348 239
350 239
350 239
349 238
349 237
350 236
350 236
348 235
346 234
346 234
345 233
346 232
346 232
345 232
345 231
345 231
345 230
346 230
346 229
347 229
345 228
348 228
348 228
347 227
347 227
348 227
348 227
348 227
348 226
348 226
348 226
350 226
350 225
351 225
351 225
350 225
351 224
350 224
350 223
350 223
351 223
351 223
351 222
352 222
352 222
353 221
353 221
355 221
356 221
356 220
356 220
356 219
358 219
357 218
359 218
358 217
358 217
358 216
358 216
359 215
358 214
359 214
357 213
357 213
357 212
356 212
357 212
356 212
356 212
357 212
357 212
356 212
356 212
358 211
357 211
357 211
358 211
358 212
360 212
360 213
360 213
360 213
361 213
361 213
363 213
362 214
363 214
363 213
363 214
363 213
363 213
364 213
365 214
365 214
363 214
364 214
364 215
366 215
365 215
365 215
365 215
364 215
365 215
365 215
366 215
366 214
365 214
364 214
364 214
364 214
365 214
364 214
363 214
363 214
364 213
364 213
364 214
363 214
363 214
366 214
366 215
366 215
368 215
367 215
368 215
368 215
368 215
369 215
370 215
372 216
373 216
373 216
374 217
374 217
375 218
376 218
377 218
377 218
378 218
378 218
380 218
381 218
382 218
382 218
383 218
383 218
384 218
384 219
385 218
387 218
388 218
388 217
388 217
390 216
391 216
390 216
391 216
393 216
394 216
394 216
395 217
395 217
397 217
398 217
397 217
396 217
398 217
399 217
400 217
402 217
404 217
404 218
406 218
406 218
406 218
407 219
409 218
408 219
407 219
408 219
408 219
409 219
407 219
407 219
407 219
408 219
408 219
408 219
409 219
410 219
409 218
410 218
409 218
410 218
411 218
410 218
409 219
409 219
409 219
409 219
410 220
409 220
409 220
409 220
409 221
409 221
412 220
412 220
410 221
411 221
411 221
410 221
410 221
409 222
409 222
409 223
408 223
407 223
407 224
408 224
409 224
409 224
410 224
409 225
410 225
408 225
409 225
409 225
410 225
410 225
409 225
410 225
410 226
410 226
410 227
410 227
409 227
411 227
411 227
412 227
410 228
410 228
410 229
411 229
411 230
410 230
410 231
411 231
410 231
412 231
410 232
412 233
412 233
412 233
413 233
414 234
413 235
413 235
414 236
413 236
413 237
413 238
415 238
415 239
415 239
416 239
417 239
418 240
419 240
417 241
420 241
419 241
422 242
422 242
424 242
425 243
423 243
426 243
427 243
428 244
428 244
426 245
430 244
428 245
431 245
431 245
432 246
432 247
431 248
432 248
433 248
433 249
433 250
433 250
434 251
435 251
435 252
434 253
435 254
436 254
437 254
437 255
437 256
438 257
438 258
439 258
440 259
441 260
441 261
440 262
440 262
442 262
443 262
445 263
443 264
443 265
446 265
444 266
444 267
446 268
444 269
444 270
447 269
446 270
445 271
444 273
446 273
446 273
448 273
446 275
447 275
449 275
447 277
449 277
447 278
445 279
448 279
449 280
448 280
448 281
450 281
449 282
447 283
448 283
449 283
448 284
449 285
450 285
449 286
451 285
453 285
450 287
450 288
450 288
450 289
449 289
450 290
451 290
450 291
451 292
450 292
449 293
454 292
455 293
452 294
452 295
451 296
451 296
449 297
451 297
450 298
451 299
448 300
451 299
451 299
452 300
450 301
450 302
449 303
452 303
451 303
451 304
453 304
453 304
452 305
452 306
453 306
455 306
453 307
456 308
454 309
456 309
454 310
455 311
458 310
458 311
456 311
456 312
458 312
458 313
459 313
460 314
459 314
459 315
460 316
461 316
461 317
461 317
462 317
460 318
464 318
463 319
461 319
464 319
463 320
467 319
463 321
466 321
469 321
468 322
467 323
468 323
468 323
469 324
468 325
468 326
469 326
471 325
470 327
471 328
469 330
471 330
471 329
472 330
472 330
473 331
474 332
474 332
474 333
473 334
474 334
475 334
475 336
475 336
474 336
473 337
476 336
476 337
477 336
477 337
477 337
476 338
475 338
473 339
476 339
476 340
476 341
476 342
475 342
474 342
477 341
477 341
476 342
477 341
477 342
479 342
478 342
478 342
479 342
478 342
477 343
477 343
477 344
479 344
477 344
479 344
480 344
482 345
478 347
481 346
481 346
481 346
479 347
480 346
479 346
479 346
480 347
479 348
482 347
481 348
482 347
480 348
480 348
479 348
480 347
475 349
478 348
475 349
476 348
478 348
477 348
475 349
478 348
476 348
476 348
476 348
478 348
477 348
477 348
479 348
479 347
479 347
479 346
480 346
481 346
481 346
480 346
481 346
481 346
481 346
480 346
481 346
480 346
481 346
480 346
481 346
480 346
480 346
481 346
481 346
483 345
483 344
483 344
482 344
480 344
482 343
481 344
480 344
482 343