353 72
353 72
353 72
353 72
353 73
354 73
354 73
354 73
354 73
353 73
353 73
353 73
354 73
354 74
354 74
354 74
354 74
354 74
355 74
355 74
355 74
355 74
355 74
355 74
356 74
356 74
356 74
356 75
356 75
356 75
356 75
356 75
356 75
356 75
356 75
356 75
356 76
356 76
356 76
356 76
356 76
356 76
356 77
356 77
356 77
356 77
357 77
357 77
357 77
357 77
357 77
358 77
358 77
358 77
358 77
358 78
358 78
358 78
358 78
358 78
358 78
359 79
358 79
358 79
357 79
357 79
357 79
358 79
358 79
358 79
358 79
358 79
358 79
359 79
359 79
360 79
359 79
360 79
361 79
361 79
361 79
362 79
363 79
363 79
363 79
363 79
364 79
364 79
364 79
364 79
365 79
365 79
366 79
366 80
366 80
367 80
368 80
368 80
368 80
369 80
369 80
369 80
369 80
370 80
370 80
370 80
370 80
370 80
370 80
370 80
371 80
371 80
371 80
371 80
372 80
372 80
372 80
372 80
372 80
372 80
372 80
372 80
372 80
372 80
372 80
372 80
372 80
372 80
372 80
372 81
372 81
372 81
372 81
372 81
372 81
372 81
373 81
373 81
373 81
373 81
373 81
373 81
373 81
374 81
374 81
374 81
374 81
374 81
374 81
373 81
374 81
374 81
374 81
374 81
375 81
375 81
376 81
377 81
376 81
377 82
377 82
378 82
378 82
378 82
377 82
378 82
378 82
378 82
378 82
377 82
377 82
378 82
377 82
378 82
377 82
377 82
377 82
377 82
377 82
377 82
377 82
377 82
378 82
378 82
378 82
378 83
378 83
378 83
379 83
379 83
379 83
379 83
379 83
380 82
380 82
380 82
380 82
380 82
381 82
380 82
380 83
380 83
380 83
380 83
381 83
381 83
381 83
381 83
381 83
382 83
382 83
383 83
382 83
382 83
383 83
383 83
383 83
384 83
384 83
385 83
385 82
385 83
385 83
385 83
386 83
386 82
386 82
386 82
387 82
387 83
387 83
387 83
387 83
387 83
388 83
387 83
388 84
388 84
389 84
389 84
389 84
389 84
389 85
389 85
390 85
390 85
390 85
389 85
390 85
390 85
391 85
391 85
391 85
392 85
392 85
393 85
393 84
393 85
393 85
393 85
394 85
394 85
394 85
395 85
395 85
395 86
395 86
396 86
396 86
396 86
397 86
397 86
398 86
397 86
398 86
398 87
398 86
398 86
399 86
399 87
399 87
400 87
400 87
400 87
400 87
401 87
401 87
402 87
402 87
402 87
403 87
403 87
404 87
404 87
404 87
404 88
404 88
404 88
404 88
404 88
405 88
405 87
405 87
406 88
406 88
406 88
406 88
407 88
407 88
407 88
408 88
409 87
409 88
410 88
410 88
411 87
411 87
411 87
411 88
411 88
411 88
412 88
412 88
412 88
412 88
412 88
411 88
411 88
411 88
412 88
412 88
412 88
411 89
411 89
411 89
411 90
411 90
411 90
411 91
411 91
411 91
412 92
411 92
411 93
411 93
411 93
411 93
411 93
411 94
411 94
411 94
411 94
412 94
412 94
412 94
412 94
412 94
412 94
413 94
413 94
412 94
412 95
412 95
412 95
413 95
413 95
412 96
412 96
413 96
413 96
413 96
414 97
415 97
415 97
415 97
416 97
417 97
418 97
418 97
418 97
419 97
419 97
420 97
420 97
420 97
420 98
420 98
421 98
421 98
421 99
422 99
422 99
422 99
422 100
422 101
422 101
422 102
422 102
422 102
422 103
422 103
423 103
423 103
425 103
426 103
426 103
427 103
428 103
429 103
430 103
431 103
432 103
432 103
432 104
432 105
433 105
433 105
434 105
434 105
435 105
435 105
435 105
436 105
436 106
437 106
437 106
438 106
439 106
439 106
439 106
440 106
440 105
440 106
441 106
441 106
442 106
442 106
444 106
444 106
444 107
445 107
445 107
445 107
445 108
445 108
445 109
445 109
445 109
446 110
446 110
446 110
446 111
446 111
446 111
446 111
447 111
447 112
447 112
449 111
449 111
449 111
449 112
450 112
449 113
450 113
450 113
450 114
450 114
450 114
451 114
451 114
451 115
452 115
451 116
451 116
452 117
453 116
453 116
453 117
453 117
453 117
454 117
454 118
454 117
454 117
454 118
454 118
455 119
455 119
454 120
455 120
455 120
454 121
455 121
455 122
454 122
454 123
454 123
455 123
454 124
455 124
455 124
455 125
455 125
455 125
455 126
455 126
456 126
457 125
457 126
457 126
457 126
458 126
458 127
458 127
458 127
459 127
460 127
460 127
460 128
461 128
461 128
461 129
461 129
461 130
463 129
463 129
463 129
463 130
464 129
464 129
465 129
465 129
465 130
466 130
465 130
466 131
466 131
466 131
467 132
466 133
466 134
466 134
467 134
467 134
467 135
467 135
467 136
467 137
468 137
467 138
467 139
468 139
468 139
468 140
469 141
469 141
469 141
471 141
471 142
471 142
472 142
472 142
472 143
473 143
473 143
474 144
474 144
475 144
474 144
475 144
475 144
475 144
475 145
475 145
476 145
476 144
476 145
477 144
476 145
477 144
476 145
477 145
477 145
477 145
478 145
477 146
477 146
478 146
477 147
478 147
478 147
478 148
477 149
478 149
478 149
479 149
479 149
479 150
479 151
479 151
479 151
479 151
479 152
479 153
479 153
481 153
481 153
480 154
480 155
480 156
481 156
482 156
482 156
482 157
482 157
482 157
482 157
482 157
483 158
483 158
483 158
483 158
483 158
483 159
483 159
484 160
484 160
484 160
484 161
484 161
484 162
485 162
485 162
485 163
485 163
484 164
485 164
486 164
486 164
486 165
486 165
486 165
487 166
487 166
486 167
486 167
487 167
487 167
487 168
487 168
487 168
487 169
488 169
488 169
488 170
488 170
488 170
488 171
488 171
488 171
489 171
488 172
489 172
490 172
489 172
490 173
490 173
490 174
490 174
490 175
490 175
491 176
491 176
491 176
492 177
492 177
492 178
492 179
492 179
493 180
493 180
493 180
493 181
493 181
494 182
493 183
493 183
494 184
494 184
494 185
494 186
493 187
494 187
494 187
494 188
494 189
495 189
494 190
495 190
495 191
495 192
495 192
495 193
496 193
496 193
495 194
495 194
496 194
495 195
496 196
496 196
495 198
495 199
495 199
495 200
494 201
494 203
494 203
494 204
494 204
494 205
494 206
494 207
493 207
494 207
493 209
493 209
494 209
494 209
494 210
494 210
494 210
495 211
495 211
495 212
494 212
494 213
495 213
495 214
494 215
494 215
494 216
494 216
494 217
494 217
494 218
494 218
494 219
493 220
493 220
491 223
491 223
490 224
490 224
489 225
489 226
489 226
489 227
489 227
488 228
488 228
488 229
488 229
489 229
489 229
489 229
488 230
488 230
490 231
490 231
489 232
489 233
489 233
488 234
488 234
489 235
488 236
488 237
488 238
488 239
488 239
488 239
487 240
487 241
489 240
488 241
487 242
488 242
487 243
486 243
486 244
487 244
486 245
486 245
486 246
487 246
484 247
484 248
483 248
483 249
482 250
483 250
482 251
481 251
482 251
481 252
481 253
481 253
480 254
479 255
479 255
478 256
476 257
476 258
476 258
475 259
473 260
472 260
473 260
473 260
471 261
471 262
471 262
472 262
471 263
471 263
470 263
471 264
472 264
469 265
469 266
469 266
470 267
468 267
469 267
467 269
468 269
469 269
469 270
469 270
469 270
469 270
469 271
471 271
472 271
472 272
471 273
472 273
472 274
474 274
474 274
474 275
474 276
474 276
473 277
474 277
475 277
474 278
475 278
475 278
477 278
476 279
477 279
478 279
478 279
478 279
477 280
477 280
477 281
479 281
477 282
477 282
476 283
477 283
477 283
475 284
474 285
477 285
476 286
475 287
475 287
473 288
472 289
474 288
473 289
472 290
471 290
472 290
471 291
472 291
470 292
473 291
472 292
469 293
470 293
468 294
465 295
463 297
462 297
462 298
462 298
463 298
462 299
462 299
461 299
463 299
462 300
463 300
462 301
463 301
461 301
462 301
463 302
464 302
463 302
464 302
463 302
463 303
464 303
463 303
463 303
463 303
462 304
463 304
461 305
462 305
461 306
461 306
462 306
461 307
460 307
459 308
460 308
460 308
459 309
460 309
461 309
458 310
459 310
457 311
458 312
459 312
457 313
457 313
457 314
455 314
454 315
452 315
451 316
453 316
451 316
449 317
448 318
448 318
445 319
447 319
448 319
444 321
442 322
443 322
442 323
442 323
440 324
440 325
438 326
436 326
437 326
436 327
438 327
432 328
433 328
431 329
431 329
428 330
428 330
425 330
425 330
425 330
421 331
418 331
423 331
420 331
420 331
418 331
417 332
415 332
413 333
414 332
413 333
412 333
413 333
408 334
410 334
408 335
408 335
407 335
408 335
406 335
406 335
403 335
403 336
399 336
396 336
396 336
393 337
393 337
391 337
389 338
386 338
390 338
389 338
388 338
387 339
388 339
390 339
389 338
387 339
390 339
390 338
391 338
388 339
392 338
391 339
392 339
390 340
393 340
394 340
392 341
392 341
392 341
396 341
397 342
395 342
394 342
397 343
395 343
392 343
393 344
394 344
394 344
394 344
393 345
394 345
391 345
393 345
389 345
388 346
387 346
387 346
385 346
383 347
381 347
386 347
385 347
383 347
383 347
381 348
379 348
381 348
380 348
377 347
379 347
377 347
376 346
372 346
371 346
370 346
371 346
374 346
372 346
371 346
369 346
372 346
368 346
368 347
368 347
368 348
365 349
369 349
364 349
367 351
367 351
366 352
366 352
365 352
364 353
361 353
363 353
359 354
361 354
364 355
362 355
359 356
356 356
355 356
355 356
355 356
353 356
354 357
351 356
351 356
350 356
350 356
354 356
349 357
350 356
352 357
351 357
352 357
351 357
355 357
353 358
353 358
351 358
354 359
355 359
357 359
357 359
357 359
357 359
355 359
352 359
354 360
354 360
356 360
353 360
346 360
342 360
340 361
330 360
329 360
326 360
326 360
324 360
325 360
320 360
318 359
319 359
316 358
316 358
314 358
315 358
313 358
316 358
314 357
315 357
314 357
317 356
316 356
317 356
317 356
321 356
319 356
313 356
315 357
321 358
315 358
315 358
316 358
317 359
312 358
312 358
309 358
308 358
307 358
303 358
305 358
303 358
303 358
301 358
298 357
297 357
294 356
296 356
292 355
291 355
289 355
286 354
285 354
284 354
284 354
285 354
284 353
281 353
281 352
281 353
276 351
276 351
277 351
277 351
278 352
279 351
277 351
274 350
279 351
277 351
278 351
279 352
280 352
277 352
281 352
277 352
278 352
279 352
279 353
277 352
276 352
277 352
275 351
276 351
277 351
274 350
274 350
272 350
273 351
272 350
272 350
271 350
271 350
270 350
269 349
268 349
264 348
264 348
266 349
263 347
263 347
262 347
265 347
267 348
265 348
264 347
266 348
266 348
268 348
268 348
269 348
271 348
272 349
273 349
271 348
272 349
269 348
272 348
267 347
267 347
267 347
267 347
264 346
264 346
262 346
260 346
262 347
259 346
256 345
253 344
254 344
253 344
254 344
253 343
254 343
252 343
252 343
250 343
248 342
246 342
248 342
250 343
249 343
247 342
248 342
247 341
248 342
246 341
246 340
246 340
247 339
246 339
245 338
248 338
246 337
247 338
247 338
251 339
248 338
249 338
248 338
248 337
247 337
247 337
245 336
246 336
245 335
247 336
247 336
249 336
246 336
244 335
242 334
242 334
242 335
241 334
239 334
240 334
235 332
234 332
233 332
231 331
231 331
227 329
227 329
229 329
230 329
227 328
228 328
229 328
229 328
231 328
228 327
227 326
228 326
227 326
227 326
230 326
229 326
229 325
229 325
228 324
229 324
229 324
229 324
230 324
231 324
231 324
233 324
233 324
231 323
232 323
232 323
233 322
230 322
232 322
231 322
230 321
229 321
228 321
229 321
229 321
227 320
226 319
230 321
227 319
226 319
226 319
227 319
227 319
227 319
224 318
226 318
226 318
226 318
226 317
228 318
227 317
226 316
227 316
227 316
226 315
226 315
223 314
225 314
226 314
226 314
225 313
225 313
224 312
225 312
224 312
224 311
223 310
223 309
223 309
223 308
221 307
221 307
220 306
222 306
221 306
221 306
220 305
221 304
222 305
220 304
219 304
219 304
218 303
218 303
218 303
217 302
219 302
217 301
217 300
217 300
218 300
217 299
215 298
215 298
216 298
215 298
216 298
215 297
213 297
213 296
213 296
214 297
215 297
214 296
213 296
213 295
214 295
214 295
213 294
214 294
215 294
214 293
214 293
212 292
212 292
214 292
215 292
216 292
214 291
212 290
212 290
213 290
213 289
214 289
213 289
212 288
212 288
212 288
212 287
211 287
212 287
212 286
211 287
210 286
211 286
212 286
209 285
210 285
210 284
210 284
210 283
209 282
208 282
209 282
208 281
208 280
207 280
207 280
205 279
205 279
205 278
203 277
203 277
202 276
204 276
204 276
203 275
204 275
204 275
205 275
205 274
205 274
206 274
205 273
204 272
204 272
203 271
204 271
203 270
204 270
203 269
203 268
203 268
202 266
203 266
202 266
200 264
201 264
201 264
201 263
201 263
200 262
200 261
201 261
200 260
200 260
199 259
200 260
199 259
199 258
199 258
198 257
198 257
198 257
197 256
198 256
197 256
197 255
197 255
198 255
198 255
198 255
198 254
198 254
197 254
196 253
196 253
197 253
197 252
197 252
197 252
198 251
197 250
197 250
197 250
196 249
197 249
197 249
197 249
197 248
197 247
197 247
197 247
198 246
197 246
197 245
197 245
197 245
197 244
197 242
197 242
198 242
198 241
198 240
199 240
198 240
199 239
200 240
199 239
199 239
200 239
200 239
200 238
201 238
200 238
202 238
201 237
202 237
202 237
203 236
204 235
204 235
204 234
204 233
205 233
205 233
205 232
205 232
205 231
206 231
207 231
206 230
206 230
206 229
206 229
207 229
207 229
207 229
206 228
206 228
207 228
206 227
205 227
205 226
206 226
205 225
206 224
206 224
206 223
205 223
205 222
205 222
206 221
204 220
203 219
204 219
204 218
203 217
203 216
203 215
203 214
202 213
201 213
201 212
201 211
200 210
200 209
200 209
200 208
199 208
199 207
199 207
198 206
199 206
199 205
199 205
199 205
199 204
198 204
198 203
198 203
198 202
198 201
198 201
198 200
198 199
197 198
197 197
198 197
198 196
197 196
197 195
197 195
197 194
197 193
198 193
197 192
198 192
198 191
197 190
198 191
197 190
197 189
197 188
197 188
198 188
197 186
198 186
198 185
198 185
198 185
198 184
198 183
198 183
198 182
198 182
198 182
198 181
198 181
198 181
198 180
198 180
199 180
198 179
199 179
199 179
199 179
200 178
200 178
200 178
201 178
201 177
201 176
201 175
201 175
201 174
202 173
202 172
203 172
203 172
203 171
203 171
204 170
204 170
204 169
204 169
204 168
204 167
205 168
205 167
205 167
205 166
206 166
205 165
206 165
206 164
207 164
206 163
207 163
207 162
208 162
208 161
208 161
209 161
209 160
209 160
210 159
210 159
210 159
210 158
210 158
210 157
211 157
210 156
211 155
211 155
210 154
211 154
210 153
211 153
211 153
211 152
211 151
211 151
211 150
212 150
212 150
211 149
212 149
212 148
212 148
212 147
212 146
213 146
212 145
213 145
212 144
212 143
213 143
214 142
214 141
214 141
214 140
214 139
214 139
214 138
214 138
215 137
215 137
215 136
215 136
216 136
217 135
217 135
217 134
217 134
217 133
218 133
218 133
218 132
218 131
219 131
219 130
220 130
220 129
220 129
220 128
221 128
221 128
222 128
222 127
222 127
223 128
223 128
224 128
224 128
224 128
225 127
225 127
225 127
225 126
225 126
225 125
225 125
225 125
225 124
226 124
226 123
226 123
226 123
226 122
226 122
226 121
226 121
226 120
226 120
227 119
227 119
227 119
228 118
228 118
228 118
228 117
228 117
229 117
230 116
230 116
230 115
230 114
230 114
231 114
231 113
232 113
232 113
232 112
233 112
233 112
234 112
234 112
234 111
235 111
235 110
236 110
237 110
237 110
237 109
238 109
238 108
239 108
239 108
239 107
239 107
240 107
241 107
241 106
242 106
242 106
242 105
243 105
244 105
244 105
245 105
245 104
246 105
246 104
248 105
248 105
248 105
249 105
250 105
251 105
251 105
252 104
253 105
253 105
254 105
255 105
256 105
257 105
257 105
257 104
258 104
258 104
259 104
259 104
260 104
261 104
261 103
262 103
262 103
263 103
263 103
263 103
264 103
265 103
266 104
267 104
267 104
268 104
269 104
270 104
270 104
270 104
270 104
271 104
272 104
273 104
272 103
273 103
273 102
273 102
273 102
273 101
273 101
273 101
274 100
273 100
273 99
273 99
274 98
274 98
273 97
272 97
272 96
273 96
273 95
273 95
272 94
272 94
272 93
272 92
272 92
272 91
273 91
273 91
273 90
273 90
274 90
274 90
274 90
274 90
275 89
275 89
275 89
275 89
275 89
276 88
277 89
277 88
277 88
277 88
278 87
278 87
279 87
279 86
280 85
280 85
281 85
282 84
282 84
282 83
282 83
282 83
283 83
284 83
286 83
286 83
286 83
287 83
288 83
288 83
289 83
289 83
290 84
290 84
291 84
292 84
292 85
293 85
294 85
295 86
294 85
295 85
295 85
296 86
297 86
296 86
296 86
297 86
297 86
298 86
298 86
298 86
298 85
299 86
299 86
298 85
298 85
299 85
299 85
300 85
300 85
300 85
300 85
301 85
302 85
302 85
302 85
302 85
302 85
303 85
303 85
303 85
303 85
303 85
304 85
304 85
304 85
304 85
304 85
304 85
305 85
305 85
305 85
305 85
305 85
306 85
306 84
306 84
306 84
306 84
306 84
307 84
307 84
307 83
307 83
307 83
308 83
308 83
308 83
308 83
309 83
309 83
309 83
310 83
310 83
310 83
310 83
310 83
310 83
310 83
311 83
311 83
312 83
312 83
313 83
313 83
314 83
314 84
314 83
314 84
314 84
315 84
315 84
315 84
315 83
316 83
316 83
316 83
316 83
317 84
317 84
317 84
318 84
318 84
318 84
319 84
319 83
320 84
322 84
323 84
324 83
324 83
326 83
326 83
327 83
327 83
328 83
328 83
328 83
328 83
328 83
328 83
329 83
329 83
329 83
329 83
329 83
329 82
329 82
329 82
329 82
330 82
330 82
329 82
330 82
331 82
332 82
332 82
332 82
333 82
334 82
334 82
333 82
334 82
334 82
334 82
334 82
334 82
334 82
335 82
336 82
336 82
336 82
337 82
338 82
338 82
338 82
338 82
339 82
339 82
340 82
340 82
340 82
340 82
340 82
340 81
340 81
340 82
340 82
341 82
341 82
341 82
341 82
341 82
341 83
341 83
342 83
342 83
342 83
342 83
343 83
343 83
343 83
343 83
343 83
343 83
343 82
344 82
344 82
344 82
344 82
344 82
344 82
344 82
344 82
345 82
345 82
345 82
344 82
344 82
344 82
344 82
344 82
344 82
344 82
345 82
346 82
346 82
345 82
345 82
346 82
347 82
347 82
347 82
348 83
349 83
350 83
351 83
351 83
351 83
352 83
352 83
352 84
352 84
352 84
352 83
352 83
352 83
352 83
352 83
352 83
352 83
353 83
353 83
352 83
353 83
353 83
353 83
353 83
353 83
353 83
353 83
352 83
352 83
352 83
352 83
351 83