350 78
350 78
351 79
351 79
351 79
350 79
351 79
351 79
351 79
351 79
351 80
351 80
352 80
351 80
351 80
352 80
352 80
352 80
352 80
352 80
352 81
352 81
352 81
353 81
352 81
353 81
353 81
353 81
353 81
353 81
354 81
354 81
354 81
354 81
354 81
354 81
354 81
354 81
354 81
354 81
354 81
353 82
353 82
353 82
353 82
353 82
354 82
354 82
354 82
353 82
353 82
354 82
353 82
353 82
354 83
354 83
353 83
353 83
353 83
353 83
354 83
354 83
353 83
353 84
354 84
354 84
353 84
354 84
354 84
354 85
354 85
354 85
354 85
354 85
354 85
354 85
354 85
354 85
354 85
354 85
354 84
355 85
354 85
354 85
354 85
354 85
354 85
354 85
354 85
354 86
355 86
355 86
355 86
355 86
355 86
355 86
356 86
356 86
356 87
356 87
356 87
356 87
356 87
356 87
356 87
357 87
357 88
357 88
357 88
357 88
357 88
357 88
357 89
357 89
357 89
357 89
357 89
357 89
357 89
357 89
357 89
358 89
357 89
357 89
357 89
357 89
357 89
357 89
357 89
357 89
357 89
357 89
357 89
357 89
357 90
356 90
355 89
355 89
355 89
355 89
355 89
355 89
355 89
355 89
355 89
355 89
355 90
356 90
356 90
356 90
356 90
356 90
356 90
356 90
356 90
356 90
356 90
356 91
356 91
355 91
356 91
356 91
356 91
355 92
355 92
356 92
356 92
356 92
356 92
356 93
356 93
356 93
356 93
356 94
356 94
357 94
357 94
356 94
356 95
356 95
356 95
356 95
356 95
356 94
356 95
356 95
356 95
355 95
355 95
355 95
356 95
355 96
356 96
356 96
355 96
355 96
355 97
355 97
355 97
355 97
355 97
354 97
355 97
354 97
354 98
354 98
355 98
355 98
355 98
355 98
355 98
356 99
356 99
356 100
356 100
357 100
357 100
357 101
357 101
357 101
358 101
357 102
357 102
358 102
358 102
359 102
359 102
359 103
360 103
360 103
360 103
360 103
360 103
361 104
361 104
361 104
361 105
361 105
361 106
361 106
360 106
360 106
360 106
361 106
360 107
360 107
361 107
361 107
360 107
360 107
360 108
360 108
360 108
361 108
360 108
360 108
360 109
360 109
360 109
360 110
360 110
360 110
360 111
360 111
360 111
360 112
360 112
360 112
359 113
359 113
360 113
359 113
359 113
359 113
359 113
359 113
359 113
359 114
359 114
358 114
358 114
359 114
358 115
358 116
358 116
358 116
358 117
358 117
359 117
359 117
360 117
359 117
360 118
361 118
360 118
360 118
360 118
360 119
360 119
360 119
360 119
361 119
360 119
360 119
360 120
361 120
361 120
361 121
361 121
361 122
361 122
362 123
362 123
362 123
362 123
362 123
363 124
363 124
363 124
363 124
363 125
363 125
362 125
363 124
363 124
362 125
362 125
362 125
362 126
362 126
362 126
362 126
363 126
363 127
363 128
363 128
363 128
363 128
363 128
363 128
363 129
364 129
364 129
364 129
364 129
365 129
364 129
364 129
364 129
364 130
364 130
364 130
364 130
364 130
364 131
364 131
364 131
364 131
364 131
364 131
365 132
365 132
365 132
365 132
365 133
365 133
365 133
365 133
365 133
365 133
365 133
364 133
365 133
365 134
365 134
365 134
365 134
365 134
366 134
366 134
365 135
365 135
365 135
365 136
365 136
365 137
364 137
364 138
364 138
364 139
364 139
364 139
365 139
365 140
365 140
364 140
365 141
365 141
365 141
365 141
365 141
365 141
365 141
365 142
365 142
365 142
366 142
365 143
365 143
365 143
365 143
365 143
365 143
366 143
364 144
365 144
365 144
364 144
364 144
365 145
365 145
364 145
364 145
364 145
364 145
364 145
364 146
364 146
364 146
364 147
365 147
365 147
365 148
365 148
365 149
365 149
366 150
366 150
365 150
366 151
366 151
366 151
366 152
366 152
365 152
365 152
365 152
365 152
365 152
365 153
365 153
365 153
365 153
365 154
365 154
365 154
365 155
366 155
366 155
366 155
366 155
366 155
367 155
366 156
366 156
365 156
365 156
365 156
365 157
366 157
366 157
366 157
367 157
366 157
366 157
365 157
366 158
365 158
365 158
365 158
365 159
365 159
365 159
366 159
367 160
367 160
367 160
367 160
368 160
368 160
368 161
368 161
368 161
368 161
367 161
367 161
368 162
368 162
368 162
368 162
368 162
368 162
369 162
369 162
369 163
370 163
369 163
369 163
369 163
369 163
369 163
369 163
369 164
371 164
371 164
371 164
373 164
372 164
373 165
373 165
373 165
373 165
373 165
373 165
373 165
373 165
373 166
372 166
372 166
372 166
372 167
372 167
372 167
372 167
372 167
372 167
372 168
371 168
371 168
371 167
372 167
371 168
371 168
371 168
371 168
371 168
371 168
372 168
372 168
372 169
371 169
371 169
371 169
371 169
371 169
371 169
371 169
371 169
371 169
371 169
371 169
372 169
372 169
373 169
372 170
373 170
373 170
373 170
374 170
374 170
374 170
374 170
374 170
374 170
375 170
375 171
376 171
376 170
375 171
377 170
377 170
377 170
378 170
378 170
379 170
379 170
379 170
380 170
380 170
380 170
380 170
380 170
380 170
382 170
382 170
383 170
384 170
384 170
384 170
385 170
385 170
385 170
385 170
385 170
386 170
387 170
387 170
387 170
387 170
389 171
387 171
388 171
388 171
389 171
387 171
388 171
389 171
389 172
390 172
391 172
393 171
394 171
395 171
395 170
395 170
395 170
395 170
396 170
397 170
399 169
398 170
400 169
400 169
401 169
401 169
401 169
402 169
404 168
404 168
404 168
405 168
404 168
405 169
405 169
406 168
406 168
407 168
406 168
408 168
407 168
409 167
409 168
408 168
408 168
409 168
410 168
409 169
410 169
410 169
410 169
410 170
409 170
410 170
410 170
412 170
412 170
413 169
414 170
414 169
414 169
415 169
415 169
415 169
416 169
417 169
417 169
417 169
418 169
418 168
419 168
420 168
420 168
420 168
421 168
420 168
422 167
423 167
423 167
423 167
423 167
424 166
424 166
425 165
426 165
426 165
426 165
427 165
428 164
429 164
428 165
429 165
429 165
431 165
431 165
432 165
432 165
432 165
432 165
433 165
434 165
434 165
434 165
434 165
435 164
436 164
436 164
436 164
437 164
437 164
438 163
438 163
437 163
438 163
439 163
439 163
439 163
439 163
439 163
439 163
439 163
438 163
439 163
439 163
440 163
439 163
440 163
442 163
442 163
443 163
443 163
444 164
444 164
444 164
445 164
446 164
446 164
446 164
446 164
447 163
448 163
447 164
447 164
448 163
448 163
448 163
448 163
449 163
449 163
448 163
448 163
448 163
448 163
448 163
448 163
449 163
450 163
450 163
450 163
451 163
451 163
452 163
451 163
452 163
452 163
453 162
453 162
453 162
452 162
453 162
453 162
453 162
453 162
454 162
454 162
455 162
455 162
455 162
455 162
456 162
456 162
456 163
456 162
456 162
456 163
456 163
456 163
456 163
456 163
456 163
457 163
458 163
458 163
458 164
458 164
459 164
459 164
460 164
460 165
460 165
461 165
461 165
462 165
460 166
461 166
461 166
460 167
460 167
460 167
459 168
459 168
458 168
458 168
458 168
459 168
458 168
458 168
457 168
458 168
459 168
459 168
459 168
459 168
459 168
459 168
460 167
461 167
461 167
461 167
462 167
462 167
463 167
462 167
463 167
463 167
464 166
464 166
464 166
465 166
464 166
464 166
464 166
464 166
464 166
464 166
464 167
464 167
465 167
464 167
464 168
464 168
464 168
465 168
465 169
465 169
465 169
466 169
467 169
467 169
467 169
466 169
468 168
468 168
469 168
468 168
469 168
469 168
470 168
470 169
469 169
470 169
470 169
470 169
470 169
470 170
470 170
470 170
471 170
471 169
472 169
471 170
471 170
472 170
472 170
472 170
473 169
473 169
473 169
472 170
473 170
473 170
474 170
475 170
474 171
475 171
475 171
475 171
475 171
476 171
476 171
476 171
476 171
476 171
476 171
476 171
476 170
477 170
477 170
477 169
478 169
478 169
478 170
478 170
479 170
479 170
480 170
480 170
480 170
480 171
481 171
481 171
481 171
482 171
483 172
482 172
483 172
483 172
483 173
483 173
483 173
483 173
483 173
483 174
484 173
484 174
484 174
484 174
484 174
484 174
484 174
485 174
485 173
486 173
487 173
488 173
488 173
488 173
489 173
489 174
489 174
489 174
489 174
489 174
489 174
489 174
489 174
489 174
489 174
489 175
490 175
489 175
490 175
490 175
492 175
491 176
491 176
492 175
493 174
493 174
493 175
493 175
493 175
494 175
493 175
493 175
493 175
493 175
493 175
493 176
493 175
493 176
492 176
492 176
492 176
492 176
491 177
491 177
491 177
491 177
491 177
491 177
491 177
491 178
492 177
491 178
492 177
492 178
491 178
492 178
491 178
491 178
491 178
490 179
490 178
490 178
490 179
490 179
490 179
491 179
490 179
491 179
491 179
490 179
490 179
491 179
490 179
490 179
489 179
488 180
488 180
488 180
488 180
488 180
488 180
488 180
488 180
487 180
488 180
488 180
487 180
487 180
487 180
487 180
486 180
486 180
486 180
486 180
486 180
486 179
485 179
485 180
485 179
484 180
484 179
484 180
483 180
482 181
482 181
482 181
482 181
481 181
482 181
482 180
481 181
480 181
481 181
481 181
480 181
481 181
481 181
480 182
480 182
480 182
480 183
480 183
480 183
480 183
480 183
479 184
480 184
480 183
481 183
480 183
481 182
481 182
481 181
480 181
480 181
481 181
481 181
481 181
480 182
479 182
478 182
479 182
479 183
478 183
478 183
478 183
478 183
477 183
478 183
478 183
478 183
478 184
478 183
478 184
477 184
477 184
477 184
477 183
477 183
476 183
475 183
476 183
475 183
474 184
474 184
473 184
473 185
473 185
473 185
473 186
472 186
473 186
472 187
472 187
472 187
472 186
472 186
472 186
472 186
471 186
472 185
472 185
471 185
472 185
471 185
472 185
470 185
470 186
470 186
469 186
469 186
470 186
469 186
469 187
469 187
469 187
469 187
468 188
467 188
467 189
467 189
466 189
467 189
466 189
466 190
465 190
465 190
465 190
465 190
465 191
465 191
465 191
465 191
464 191
464 191
464 192
465 192
464 193
464 193
464 193
462 194
462 194
461 195
461 195
460 195
458 196
456 198
456 198
455 198
456 198
455 199
454 199
454 199
454 199
453 200
454 199
454 200
453 200
453 200
451 201
451 201
451 201
451 201
451 201
451 201
450 201
450 202
449 202
448 202
447 203
448 202
447 203
446 204
444 205
443 205
442 206
441 206
441 206
439 207
439 207
439 207
439 207
439 207
438 207
438 207
438 207
438 207
437 207
438 207
437 207
437 207
437 207
436 207
436 207
435 208
434 208
434 209
434 209
433 209
433 208
432 209
431 209
429 209
428 210
427 210
426 210
425 210
424 211
422 211
422 211
420 212
420 212
419 212
419 213
418 213
418 214
415 215
415 216
413 216
415 216
413 217
413 217
413 217
411 217
411 217
410 217
410 217
409 217
409 217
408 217
409 216
408 217
408 216
407 217
407 217
407 217
406 217
405 218
404 219
403 219
402 220
400 221
400 221
400 222
397 223
397 223
397 223
396 223
396 223
394 224
393 224
393 224
393 224
391 224
391 224
391 224
389 223
390 223
389 224
390 223
389 223
391 222
391 222
390 222
389 222
389 222
389 222
389 222
388 222
389 222
386 223
386 223
385 224
385 224
385 224
384 225
384 225
382 226
381 226
381 227
382 227
382 227
380 228
380 228
380 228
381 227
380 228
381 228
380 228
381 228
381 228
383 228
382 228
383 228
382 228
381 228
381 229
381 229
381 229
380 229
380 229
380 229
379 229
378 229
380 229
379 229
380 229
379 230
379 229
379 230
379 230
378 230
377 230
378 230
378 230
378 230
378 230
377 230
378 230
378 231
377 231
378 231
377 231
377 232
377 232
376 232
375 233
375 233
375 234
376 234
374 234
375 234
376 234
376 235
377 235
377 235
377 235
378 235
379 235
379 236
379 236
378 236
378 236
378 237
379 237
380 237
384 237
384 237
383 237
382 237
382 237
382 238
380 238
380 238
379 238
379 239
378 239
377 239
375 240
377 239
376 239
377 239
375 239
376 239
376 239
375 239
375 239
376 239
377 239
376 239
376 239
376 239
376 239
375 240
375 240
375 240
376 240
376 240
377 240
375 240
376 240
377 241
376 241
377 241
377 241
376 241
377 241
378 242
377 242
377 243
377 243
379 244
380 244
380 245
378 245
379 246
379 246
379 247
380 247
381 247
381 248
381 248
381 249
380 249
382 249
382 250
382 250
382 251
382 251
382 251
384 251
382 252
383 252
384 253
385 253
383 253
384 254
385 254
385 255
386 255
385 256
386 256
384 256
386 257
386 257
387 257
386 257
385 258
385 258
387 258
387 259
386 259
387 259
387 259
388 259
388 260
388 260
388 260
387 260
388 261
388 261
386 261
386 261
385 262
386 262
387 262
387 262
387 262
387 263
388 262
388 263
387 263
388 263
389 263
391 264
390 264
389 264
389 264
390 264
389 265
390 265
390 265
389 266
389 266
390 266
390 266
389 267
389 267
389 267
391 267
390 268
391 268
392 268
392 268
391 269
392 269
392 269
390 270
390 270
391 270
390 271
390 271
390 271
390 271
389 272
391 272
390 272
391 272
390 273
390 273
390 273
390 272
390 272
390 273
392 273
391 273
393 274
392 274
393 274
396 274
396 275
398 275
399 275
398 276
398 276
398 276
398 276
396 276
399 276
399 277
400 277
401 278
400 278
402 278
403 278
403 279
403 280
403 280
406 280
404 280
406 280
407 280
406 281
406 281
406 281
407 281
407 282
409 282
411 282
410 282
411 283
411 283
414 283
412 283
411 283
410 283
410 283
412 283
410 283
410 283
411 283
413 283
411 284
412 284
412 284
414 284
413 284
412 285
414 285
414 285
414 285
413 286
413 286
413 286
415 286
414 287
415 287
415 288
414 288
416 288
417 288
416 288
414 289
414 289
414 290
414 290
414 290
416 290
415 290
417 290
414 291
417 290
418 290
417 291
418 291
417 292
417 292
418 293
420 292
418 293
418 293
418 294
419 294
418 295
419 295
419 296
419 296
420 296
422 296
421 297
422 298
423 298
422 298
422 299
422 299
421 300
424 300
424 300
425 300
425 300
424 300
424 300
425 301
427 301
427 301
426 302
427 302
427 303
427 303
428 303
428 303
429 303
428 304
429 304
429 304
427 304
429 304
428 305
426 306
428 306
427 307
429 307
426 307
428 307
425 308
426 308
426 309
428 308
428 309
427 309
427 309
427 309
428 309
426 310
430 309
428 310
426 311
426 311
428 311
427 311
425 312
424 313
423 313
424 313
424 314
423 314
425 314
424 315
422 316
425 316
427 316
425 317
426 318
427 318
427 319
429 319
427 320
429 320
430 320
427 321
426 321
429 321
429 322
431 321
430 322
431 322
429 322
430 322
427 322
428 322
430 322
428 322
429 322
430 322
430 323
431 323
433 323
430 324
430 324
433 324
432 325
431 325
431 326
432 326
433 326
432 327
431 328
433 328
433 329
433 330
433 330
434 330
433 331
434 331
435 331
435 332
433 333
435 332
435 332
437 332
434 333
435 334
436 333
435 334
438 334
439 334
440 334
437 336
438 336
436 336
437 336
435 336
436 336
438 336
438 336
436 337
437 337
437 337
439 337
437 338
440 338
438 339
438 339
438 340
438 340
439 341
438 341
439 341
438 342
439 342
440 342
440 342
440 342
441 342
439 343
440 343
440 344
438 344
442 343
441 344
441 344
439 345
439 345
437 345
437 345
439 345
436 346
437 346
438 346
438 346
437 347
438 346
439 347
441 348
440 348
440 348
445 347
444 347
440 348
442 348
443 348
442 348
443 348
442 348
442 348
443 348
446 348
443 349
444 349
444 349
445 350
443 351
441 352
441 352
446 351
444 352
446 351
446 352
447 352
446 352
445 352
445 352
445 352
443 352
444 352
442 352
443 352
442 352
439 353
441 352
440 352
441 352
437 353
440 352
442 352
438 353
437 353
437 353
435 353
436 353
436 353
435 353
433 353
434 352
434 353
431 353
434 353
430 353
432 353
428 354
430 353
429 354
429 354
429 354
431 353
430 353
429 354
429 353
426 353
431 352
428 352
426 351
426 351
428 350
424 351
425 351
427 350
424 350
423 350
423 349
423 349
420 348
420 348
420 347
420 347
420 347
420 347
418 347
417 346
414 346
414 346
414 346
410 346
407 345
405 345
404 345
407 344
406 344
409 343
403 343
404 343
405 343
403 343
406 341
405 341
398 341
401 341
398 341
402 340
401 340
403 339
403 338
399 338
401 338
401 337
400 337
402 337
401 337
399 336
398 336
394 336
396 336
395 336
397 335
395 335
393 334
394 334
395 333
396 333
394 332
392 332
393 332
391 331
391 331
390 331
389 330
390 329
388 329
386 329
387 329
390 328
387 327
390 325
389 325
388 325
389 323
386 323
387 322
386 322
384 322
386 321
384 320
384 320
383 319
386 318
383 318
384 318
383 318
383 317
381 317
378 317
383 315
380 315
380 315
379 315
378 314
376 314
377 314
374 313
374 313
371 313
374 313
374 312
370 312
373 311
373 311
372 310
371 310
370 310
370 309
369 309
369 308
369 308
371 307
371 306
370 306
369 306
369 305
373 305
370 305
370 304
371 304
369 304
369 304
370 303
370 303
368 303
367 302
368 302
367 302
369 302
367 301
366 301
366 301
365 301
365 300
364 300
364 300
362 300
360 300
356 300
356 299
355 299
358 298
356 298
353 297
355 296
354 296
354 295
354 295
353 294
350 294
351 294
350 294
350 294
351 294
350 294
348 294
348 293
348 293
346 293
347 293
349 293
346 293
347 293
346 293
347 293
346 293
348 292
349 292
346 292
349 292
346 292
347 292
347 291
346 291
345 290
343 290
341 290
343 289
342 289
342 288
342 288
343 288
344 287
342 287
341 287
343 287
343 287
342 287
343 287
342 286
342 286
338 285
339 285
340 285
337 284
339 284
338 284
338 283
338 283
338 283
338 282
338 282
337 282
337 282
338 281
338 281
336 281
337 280
336 280
337 280
336 280
336 280
337 280
337 279
337 279
334 279
333 279
333 279
334 279
331 279
334 279
334 279
333 279
331 278
331 278
330 277
332 277
329 276
330 276
329 275
328 275
329 275
328 275
326 275
326 275
326 276
326 275
328 276
328 275
328 274
328 274
329 274
328 274
327 274
327 274
329 274
329 274
328 274
328 274
329 274
327 274
328 274
327 274
328 274
326 273
324 273
324 273
324 274
322 274
323 274
322 275
321 275
323 275
323 276
321 276
321 276
321 276
319 276
318 276
317 276
316 276
318 275
316 275
315 276
317 276
315 275
316 275
316 275
315 275
316 275
314 275
313 274
312 274
311 274
310 274
311 274
309 274
308 274
306 274
309 274
308 274
308 274
308 274
308 274
308 275
309 275
309 275
309 275
305 275
308 275
308 275
306 275
305 276
306 276
307 277
307 277
305 277
305 277
307 277
305 277
305 278
306 278
305 279
306 279
308 280
308 280
305 280
307 281
307 281
306 282
304 282
303 282
303 282
303 282
303 283
303 283
304 283
303 283
303 283
303 284
300 284
302 284
300 284
301 285
300 285
298 285
296 285
296 286
298 286
295 286
294 286
293 286
292 286
292 286
293 286
292 286
293 286
292 286
291 285
292 286
292 286
290 285
292 286
292 286
293 287
293 287
292 288
292 288
294 289
294 289
294 289
293 289
292 289
292 289
293 290
294 290
295 291
294 291
292 291
292 292
291 292
292 293
292 293
291 293
293 294
290 294
291 295
292 295
294 295
292 295
293 295
291 295
292 296
292 296
292 296
294 297
295 297
294 297
292 297
292 297
292 297
292 298
290 298
292 298
288 297
290 298
288 298
287 298
287 298
285 298
285 299
285 299
282 299
283 299
283 300
283 300
283 300
286 301
282 300
281 301
279 301
279 301
279 302
277 302
278 302
274 302
271 302
271 302
271 302
270 303
268 302
268 303
268 303
267 303
268 303
268 303
269 304
267 304
267 305
267 305
266 305
268 306
269 306
267 306
266 306
267 307
266 306
268 307
266 307
269 307
265 307
268 308
268 308
268 308
269 308
269 309
270 309
271 310
270 309
269 309
270 310
271 310
271 310
270 310
270 310
270 310
272 311
271 312
273 312
273 313
273 313
275 313
271 313
274 313
274 314
278 315
275 315
276 316
276 316
274 316
274 317
275 317
275 318
276 318
277 319
277 320
276 320
274 320
275 321
276 322
275 322
273 321
274 322
273 322
271 322
272 323
271 323
270 323
271 324
267 324
267 324
268 324
268 325
267 325
265 325
262 325
263 325
262 325
263 325
263 325
262 326
261 326
262 326
259 326
258 326
260 327
259 326
256 326
256 326
258 327
257 327
255 327
256 328
253 327
254 328
251 327
253 328
253 329
252 329
251 328
251 329
252 329
253 329
252 329
252 329
252 329
251 329
253 330
252 330
252 330
252 331
250 331
250 332
251 333
249 332
253 333
249 333
251 333
250 333
252 334
250 334
251 335
251 335
249 335
250 335
250 336
250 336
251 337
247 336
249 336
252 338
251 338
251 338
251 338
249 338
249 338
247 338
247 338
246 339
246 339
247 339
248 340
247 340
246 340
248 340
248 341
249 341
245 341
246 340
246 341
248 341
246 341
246 341
247 341
245 341
244 342
247 343
248 344
247 344
246 344
243 344
244 344
245 345
247 346
247 346
248 346
246 346
246 346
248 346
245 347
246 347
246 347
245 347
244 347
247 349
248 349
247 349
244 349
244 350
245 350
246 350
246 351
245 350
244 351
243 351
243 351
245 352
242 351
242 352
245 353
241 353
243 353
245 354
244 353
247 354
244 353
247 354
244 354
246 354
248 355
248 355
245 355
244 354
247 355
244 354
244 354
243 354
245 354
242 354
243 354
242 354
246 356
245 356
243 355
245 355
245 356
244 356
244 355
243 355
244 355
242 354
242 355
242 354
244 354
244 354
241 353
242 354
245 354
245 354
240 353
242 353
239 352
243 352
243 352
243 352
241 352
242 352
241 351
241 352
243 353
241 352
242 352
243 352
243 352
242 351
241 351
241 351
242 351
242 351
238 350
236 350
239 351
236 350
239 352
239 351
236 350
235 350
232 349
235 350
234 349
234 350
232 350
232 349
230 348
230 348
231 348
229 347
231 348
231 347
229 346
231 347
230 346
230 346
226 345
227 345
229 345
230 345
230 344
231 344
229 343
230 343
231 343
229 343
231 344
232 344
232 343
230 342
231 342
231 342
234 342
231 341
232 341
234 342
234 342
232 341
235 341
235 341
234 340
233 339
231 338
236 339
233 338
233 337
232 336
234 336
234 336
234 335
233 335
236 335
234 334
235 333
233 332
234 331
231 330
231 329
233 329
235 328
232 327
237 329
236 328
234 327
233 326
234 326
233 324
235 324
234 323
233 323
235 323
235 322
233 322
235 322
235 321
233 319
236 320
236 320
235 319
234 319
236 319
236 318
237 318
237 318
235 317
236 317
235 316
236 315
237 315
238 315
238 315
237 314
237 313
238 313
238 313
239 313
239 312
240 312
237 311
238 311
238 311
241 311
241 310
241 309
240 309
240 308
240 307
240 306
243 307
241 305
239 305
241 304
240 304
240 303
239 302
241 302
240 301
239 300
241 300
239 300
240 299
240 298
241 297
240 296
240 296
242 296
242 296
243 295
242 295
241 295
242 294
241 294
241 293
243 293
242 292
241 292
241 292
244 292
244 292
245 292
245 292
244 290
244 290
246 290
247 289
245 288
246 288
244 287
247 287
245 285
247 285
248 285
247 284
247 284
248 284
247 283
247 282
247 282
249 282
249 281
248 280
249 280
247 279
249 279
248 279
249 278
250 278
249 278
251 278
251 278
250 278
252 278
252 278
253 278
252 277
253 277
253 277
253 277
254 277
254 276
253 276
254 275
254 275
253 274
253 274
253 274
256 274
254 274
254 273
254 273
254 272
253 271
253 271
252 270
253 269
252 269
254 269
255 269
254 268
253 268
254 267
254 267
253 266
254 266
255 266
255 266
255 265
256 265
255 264
254 264
255 264
254 263
254 263
255 263
254 262
255 261
255 261
256 261
255 260
255 260
256 260
255 260
256 260
255 259
254 258
255 258
255 257
256 257
256 257
256 257
256 256
256 256
257 256
255 255
256 254
255 254
255 253
256 252
256 252
257 252
257 251
257 251
256 251
257 251
258 251
257 251
257 251
257 250
258 250
258 250
259 250
259 249
258 249
258 249
259 249
259 249
258 248
258 247
258 247
259 247
259 247
258 246
259 246
259 246
259 246
259 245
260 245
260 245
262 245
262 245
263 245
262 245
265 245
265 245
266 245
266 245
267 244
267 244
268 244
267 243
267 243
268 243
267 242
268 242
267 242
267 241
266 241
265 240
267 240
265 240
264 239
265 239
265 238
264 237
264 237
264 237
260 236
263 237
263 236
263 236
263 236
262 235
263 235
262 234
262 234
263 234
263 234
262 234
263 234
262 234
262 233
264 233
264 233
264 232
262 232
263 232
263 232
263 232
263 232
263 232
264 231
264 231
263 230
263 231
264 230
264 230
262 229
263 229
264 229
263 229
264 229
264 228
262 227
261 226
263 227
263 226
263 226
264 226
265 226
264 226
265 226
266 226
266 227
266 226
266 226
268 227
267 227
267 227
265 226
267 227
265 226
266 226
266 226
266 226
265 225
265 225
265 225
265 225
265 224
265 224
264 223
264 223
263 223
263 222
263 222
264 223
264 223
263 223
264 223
265 223
264 223
263 223
264 223
264 223
265 224
264 223
266 224
265 223
266 224
266 223
266 223
266 223
265 223
265 223
265 223
265 223
264 223
263 223
264 222
263 222
263 222
262 222
263 222
261 221
261 221
262 221
263 221
262 220
263 221
264 221
263 220
262 220
262 220
261 219
260 218
259 217
257 216
255 216
254 214
255 215
255 214
254 214
253 213
253 214
253 213
253 213
251 213
253 213
253 213
252 212
251 212
252 212
252 212
252 212
251 211
252 212
252 211
251 211
252 210
252 210
254 211
253 210
253 210
252 209
252 209
252 209
251 209
251 208
250 208
249 207
251 207
250 207
251 207
250 207
249 206
250 206
249 205
249 205
248 205
248 205
249 205
248 205
248 205
247 205
247 204
246 204
245 204
244 204
245 204
244 204
245 204
244 204
245 204
244 204
242 203
241 203
242 203
241 203
241 202
241 202
240 202
240 202
240 202
238 201
238 200
237 199
237 199
236 199
235 198
233 197
232 196
231 195
230 195
230 194
229 194
231 194
230 194
230 193
229 193
229 193
229 193
229 193
229 193
229 193
229 193
229 193
228 193
229 193
228 193
228 193
228 192
227 191
227 191
227 191
227 191
226 190
225 189
224 189
224 188
224 188
224 188
224 187
224 187
224 187
224 187
224 187
223 186
222 185
221 185
222 185
221 184
221 183
220 183
220 182
217 180
218 180
217 179
216 179
216 179
216 178
216 178
215 177
215 176
215 176
215 177
215 176
215 176
215 176
215 176
215 176
215 176
216 176
216 176
215 176
215 176
215 176
215 176
215 176
216 176
216 176
215 176
215 175
216 175
216 175
216 174
216 174
216 174
216 174
217 174
217 175
217 175
216 174
217 175
217 175
216 175
217 176
217 176
216 175
216 175
217 175
216 175
216 175
215 174
215 174
216 174
215 174
215 174
215 174
215 174
215 174
215 175
215 175
214 174
215 175
215 175
214 175
214 174
214 174
214 175
213 174
213 174
213 174
212 173
212 173
212 173
212 173
212 172
212 172
211 172
211 171
211 171
212 171
211 171
211 170
211 171
211 171
210 170
210 171
211 171
210 171
210 171
209 170
209 170
209 170
210 170
209 170
210 170
209 170
209 170
210 170
210 170
209 170
209 170
209 170
209 170
209 170
209 170
208 170
208 170
208 170
208 169
208 170
208 170
209 170
209 170
209 170
208 170
209 170
210 171
210 171
210 171
210 171
210 170
210 170
212 171
211 170
211 170
211 170
213 171
214 172
215 172
215 172
216 173
216 173
216 173
216 173
216 172
217 172
217 173
218 173
217 173
218 173
218 173
218 172
219 172
219 173
219 172
219 171
219 171
219 171
219 171
219 171
220 171
220 171
220 171
221 172
222 172
221 172
222 172
222 172
224 172
224 172
226 173
226 172
227 173
229 173
229 173
229 173
230 174
230 174
230 174
230 174
229 174
230 174
230 173
229 173
229 173
229 172
229 172
228 172
228 172
225 170
224 170
224 170
224 170
224 169
223 169
223 168
224 169
223 168
224 169
223 169
223 169
223 169
222 169
223 170
222 170
223 170
221 170
221 170
221 170
221 170
220 170
220 170
221 170
220 170
220 170
219 170
219 170
219 170
219 170
219 169
220 169
220 169
220 169
220 169
220 169
221 169
221 170
221 170
221 170
221 170
222 171
222 171
222 171
222 172
222 171
222 171
222 171
222 171
222 170
222 170
223 170
223 169
223 169
223 169
223 169
224 169
224 169
224 169
224 169
225 169
226 169
225 169
226 169
227 169
228 170
228 170
228 170
229 169
230 170
230 169
231 169
230 169
231 169
232 168
232 168
233 168
234 168
234 168
235 168
235 168
236 168
237 168
237 168
237 168
237 167
237 167
237 166
239 166
238 165
238 165
238 165
239 165
239 165
240 165
240 165
241 165
242 165
243 165
245 166
245 166
246 166
247 166
248 167
249 167
250 167
252 168
252 168
253 169
254 169
255 169
256 169
258 170
259 170
260 170
261 170
262 170
262 170
263 170
264 170
265 170
264 170
265 170
265 170
267 170
268 170
268 170
268 170
269 171
269 171
269 171
271 171
271 171
271 171
271 171
272 171
272 171
274 171
274 171
274 171
275 172
275 171
276 172
276 172
277 172
277 172
277 172
277 172
277 172
277 172
278 172
278 173
278 173
279 173
279 173
279 173
278 173
279 173
279 172
279 172
278 172
279 172
279 172
278 171
278 171
280 171
281 171
280 171
281 171
280 171
280 171
281 171
281 171
280 171
280 171
279 170
280 170
280 170
280 170
280 170
280 170
280 170
280 169
279 169
280 169
280 169
280 169
280 169
279 169
279 169
278 169
279 169
279 169
280 169
280 169
279 169
279 169
279 169
280 169
280 169
280 169
281 169
282 169
282 169
283 169
282 169
283 169
284 169
283 169
284 169
284 169
284 169
284 169
283 168
283 168
283 168
283 168
283 168
282 168
282 167
282 167
282 167
281 167
282 167
282 167
282 167
281 166
282 166
282 166
283 166
282 165
282 165
284 166
284 166
285 166
286 166
287 166
289 167
290 167
289 167
290 167
291 168
292 168
291 168
291 168
291 168
292 167
292 167
292 167
292 167
293 167
293 167
293 167
293 167
293 167
293 167
293 166
293 166
293 166
293 166
294 166
294 166
295 166
294 165
295 165
295 165
295 165
295 165
296 165
296 165
296 165
296 164
297 165
298 165
298 165
299 165
298 165
299 165
301 165
301 166
302 166
301 166
302 166
301 165
301 166
301 166
301 166
301 165
302 166
302 166
302 166
303 166
303 166
304 166
303 166
304 166
305 166
305 166
306 166
305 166
306 166
307 166
307 166
308 167
309 167
311 167
312 167
312 167
312 167
312 167
313 167
312 167
312 167
313 168
313 167
313 167
313 167
314 167
315 167
315 167
315 167
315 167
315 167
315 167
315 167
315 166
316 166
316 166
316 166
317 166
318 166
319 166
319 166
321 166
321 166
321 166
322 166
323 166
324 166
325 166
325 166
325 166
326 166
326 166
326 166
327 165
327 164
327 164
328 164
327 164
327 164
328 164
328 163
327 163
328 163
329 163
329 162
329 162
329 162
329 161
330 161
330 161
330 160
330 160
331 160
331 160
331 160
331 161
331 161
331 160
332 160
332 159
332 159
332 158
332 158
332 157
333 157
333 157
332 156
332 156
332 156
333 156
333 155
333 155
333 155
334 154
334 154
334 154
334 153
333 153
333 153
334 153
333 152
333 152
332 152
332 152
331 151
331 151
330 151
330 151
329 150
328 150
328 149
327 149
326 150
326 150
324 150
324 150
323 150
321 149
321 149
320 148
320 147
319 147
319 147
319 147
318 146
318 146
318 146
318 145
318 145
318 145
317 144
317 144
318 144
317 144
316 144
316 144
316 144
317 144
317 143
317 143
316 143
316 142
316 142
316 142
316 141
317 141
316 141
316 140
315 140
315 140
315 140
315 140
314 140
313 139
313 138
313 137
314 136
313 136
314 135
314 135
313 135
312 134
312 134
313 133
312 133
311 132
311 132
311 132
311 132
310 131
310 131
310 130
310 130
310 129
310 129
310 129
310 128
310 128
311 128
310 127
310 126
310 126
310 126
310 125
310 125
310 124
311 124
310 124
310 124
310 123
310 123
311 122
310 122
310 122
311 121
312 121
312 121
312 121
312 120
313 120
314 120
314 119
314 119
314 118
314 118
314 117
315 117
316 116
315 116
317 116
317 116
318 116
318 115
318 115
318 115
320 115
320 115
320 114
319 114
320 114
320 114
321 113
321 113
321 112
321 112
321 112
322 112
322 111
323 111
323 111
325 111
326 111
326 111
328 111
328 110
328 110
328 110
329 110
328 109
328 109
328 109
328 108
329 108
329 108
329 108
329 108
330 107
330 107
330 107
330 106
330 106
330 105
330 105
329 105
329 104
329 104
328 104
329 104
328 103
328 103
328 103
329 103
329 102
329 102
330 102
330 101
330 101
330 101
330 101
330 100
330 100
331 100
331 100
331 99
331 98
332 98
333 98
333 98
333 98
333 98
332 98
333 98
333 97
332 97
332 96
332 95
333 95
333 95
332 95
333 94
333 94
333 94
333 93
333 93
333 93
333 92
333 91
332 91
332 91
333 90
333 90
333 90
332 89
332 89
332 89
332 88
332 87
333 87
333 87
333 86
333 86
333 86
333 85
333 85
333 85
333 85
333 84
333 84
333 84
333 84
333 83
333 83
333 83
333 83
333 83
333 82
333 82
333 82
333 82
333 81
333 81
333 81
333 80
333 80
333 80
333 80
333 79
333 79
332 79
332 78
332 78
332 78
332 78
332 78
333 78
333 78
334 78
334 78
334 78
334 78
334 78
334 78
335 78
335 79
335 79
335 79
335 79
334 79
334 79
333 78
333 79
333 79
331 78
330 78
330 78
331 79
331 79
331 79
330 79
330 79
330 78
329 78
329 78
329 78
328 77
328 77
328 77
328 77
328 77
327 77
327 78
328 78
328 78
328 78
328 78
328 78
329 78
329 78
329 79
330 79
330 79
331 79
331 79
331 79
332 79
333 79
333 79
333 79
333 79
334 79
336 79
336 79
337 80
338 80
338 80
339 80
340 80
341 80
342 80
343 80
344 80
345 80
346 79
346 79
346 79
347 79
349 79
349 79
350 80
349 80
350 81
350 81
350 82
349 83
349 83
349 83
348 82
348 81
347 80
347 79
348 77
350 77
350 77
351 77
351 79
350 80
349 80
349 81
349 81
350 81
350 81
351 81
350 80
351 80
350 80
350 80
349 79
348 79
348 80
348 80
347 80
347 80
346 80
346 80
346 80
346 80
346 80
346 80
347 79
347 79
348 79
348 79
348 80
348 80
347 80
347 81
347 81
347 81
347 82
347 82
347 81
347 81
347 81
347 81
347 81
348 81
348 81
349 81
349 81
349 81
349 81
349 81
350 81
349 81
349 81
349 81
349 81
349 81
349 81
349 81
349 81
350 81
350 81
350 81
350 81
350 81
350 81
350 81
350 81
350 81
350 81
350 81
350 81
350 81
350 81
349 80
349 80
349 80
350 80
350 80
350 80
349 80
349 80
349 80
350 80
350 80
350 80
350 80
349 80
350 80
350 79
350 79
351 79
351 79