340 76
340 76
340 76
340 76
340 76
340 76
340 76
340 76
340 77
340 77
340 77
339 77
339 77
340 77
339 77
339 78
340 78
340 78
340 79
340 79
340 79
340 79
340 79
340 79
338 78
338 78
338 79
338 79
338 79
337 79
337 79
337 79
337 79
337 79
337 79
337 79
336 79
337 79
336 79
336 80
336 80
336 80
336 80
336 80
335 80
335 80
335 80
334 80
334 80
334 80
334 80
334 80
334 80
334 80
334 80
334 80
333 80
333 80
332 80
332 80
332 80
332 80
332 80
333 80
333 80
333 80
333 80
333 80
333 80
333 80
333 80
333 80
333 80
333 80
334 80
334 80
333 80
334 80
334 81
334 81
334 81
334 81
334 81
334 81
334 81
334 82
334 82
334 82
334 82
334 82
334 82
334 81
334 81
334 81
335 81
334 81
334 81
334 82
335 82
335 82
335 82
335 82
335 82
335 83
335 83
335 83
335 83
335 84
335 84
335 84
335 85
335 85
335 85
335 85
335 85
334 85
335 85
335 85
335 86
335 86
334 86
335 86
334 86
334 86
334 86
334 86
333 86
333 86
333 86
333 86
332 86
332 86
333 86
334 86
334 87
334 87
334 88
334 88
334 88
334 88
333 88
333 88
333 88
333 88
333 89
333 89
333 89
333 89
333 90
333 90
333 90
333 90
333 90
333 90
333 90
333 90
333 90
333 91
333 91
333 91
333 91
333 91
333 92
333 92
333 92
334 92
333 92
333 93
333 93
333 93
333 93
333 93
333 93
333 93
333 94
333 94
333 94
333 94
334 94
333 94
333 94
333 94
334 94
334 94
333 94
333 94
333 94
333 94
333 94
333 94
333 94
333 95
333 95
333 95
333 95
333 96
334 96
334 96
335 96
335 96
335 96
335 96
335 96
335 96
335 96
335 96
335 97
335 97
335 97
336 97
336 97
335 97
336 98
336 98
335 98
335 98
335 98
335 98
335 98
335 98
335 98
335 98
334 98
334 98
334 98
334 98
334 98
334 98
334 98
334 98
334 99
334 99
334 99
334 99
334 99
334 99
334 99
334 99
334 99
334 99
334 100
334 100
334 100
335 100
335 100
335 100
335 101
335 101
335 101
335 101
336 101
335 101
336 102
335 102
335 102
336 102
336 102
335 102
335 102
335 102
335 102
335 102
335 102
335 102
335 102
335 102
335 102
335 102
335 102
336 102
335 102
335 102
335 102
335 102
336 102
336 102
336 102
336 102
336 102
336 102
336 102
336 102
336 102
337 102
336 102
336 102
336 102
336 102
336 102
337 102
337 102
336 102
337 102
337 102
337 102
337 102
337 102
337 102
337 102
337 102
337 102
337 102
337 102
337 102
337 102
337 102
337 102
336 102
336 101
336 101
336 101
335 101
335 101
336 100
335 100
336 100
335 100
335 100
335 100
335 99
335 99
335 99
335 99
335 99
334 99
334 99
334 99
334 99
334 99
334 99
333 98
333 98
333 98
332 97
332 97
332 97
332 97
332 97
331 96
331 96
331 96
331 96
330 96
331 96
330 96
330 95
330 95
330 95
330 96
330 96
330 96
331 96
331 97
331 97
331 97
331 97
331 97
331 98
331 98
332 98
332 98
332 98
332 98
332 98
332 98
332 97
332 97
332 97
332 97
332 97
332 97
332 97
332 97
333 97
333 97
332 97
332 97
333 97
332 97
332 97
332 98
332 98
331 98
331 98
332 98
332 99
332 99
332 99
332 100
332 100
332 100
332 100
331 100
331 100
331 100
331 100
331 100
330 100
330 100
330 100
330 100
330 100
330 100
330 100
329 100
329 100
330 100
330 101
329 101
329 101
329 101
329 101
330 101
330 101
330 102
330 102
330 102
329 102
330 102
330 102
330 102
330 102
330 102
330 103
330 103
330 103
330 103
330 103
329 103
329 103
329 103
329 103
329 103
329 103
328 103
328 103
328 104
328 104
328 104
327 104
327 104
328 104
327 104
327 104
327 104
327 104
327 104
327 104
327 104
326 104
326 104
326 105
326 105
325 105
325 105
325 105
324 105
325 105
324 106
324 106
323 106
324 106
323 107
323 107
323 107
322 107
321 108
321 108
321 108
320 108
320 108
320 108
320 108
320 108
319 109
319 109
319 109
319 109
319 109
318 109
318 109
318 109
318 109
317 110
318 110
317 110
317 110
316 110
316 110
316 110
316 110
315 111
314 111
314 111
314 111
313 111
313 111
313 112
313 112
313 112
313 112
312 112
312 112
312 112
311 112
311 113
311 113
311 114
311 114
311 114
310 114
310 115
310 115
310 115
310 115
311 115
310 115
310 116
310 116
310 116
309 116
309 116
309 116
309 116
309 117
308 117
308 117
308 117
308 117
308 117
308 117
308 118
308 118
307 118
307 118
307 119
307 119
307 119
307 119
307 120
307 120
307 120
306 120
306 120
306 121
307 121
307 121
307 121
307 121
307 122
307 122
306 122
306 122
307 123
307 123
308 123
308 124
308 124
308 124
308 125
308 125
307 126
307 126
307 127
307 127
307 128
307 128
307 128
306 128
306 128
306 128
306 128
306 129
306 129
306 129
305 129
305 129
305 129
304 129
304 129
304 129
303 130
302 129
302 129
302 129
301 129
301 129
301 129
300 130
300 130
299 130
299 130
299 130
299 130
298 130
298 130
298 130
298 130
298 130
298 130
298 130
298 130
298 130
297 131
297 131
296 131
296 131
296 131
296 131
295 131
296 132
295 132
295 132
295 132
295 132
294 131
294 132
294 132
294 131
294 131
294 132
294 132
294 131
293 131
293 131
293 132
293 132
294 132
294 132
294 132
294 132
294 132
293 132
292 133
293 134
292 134
292 134
293 134
293 135
292 135
292 135
292 135
292 136
292 136
292 136
292 136
293 136
293 137
293 137
293 137
294 138
293 138
294 138
294 138
294 138
294 138
294 139
294 139
294 139
293 139
293 139
294 139
293 139
293 139
293 139
294 139
294 139
294 139
294 139
294 139
295 139
295 139
295 139
295 139
295 139
295 139
295 139
295 139
294 138
294 138
295 138
294 138
294 138
294 138
295 138
295 137
294 137
294 137
294 137
294 137
294 137
294 137
294 136
294 136
293 136
293 136
293 135
293 135
293 135
293 135
293 135
292 135
292 135
292 134
292 134
291 134
292 134
291 134
292 134
292 133
292 133
291 133
291 132
291 132
292 132
291 132
292 132
291 132
291 131
291 130
290 130
290 130
290 129
290 129
291 129
291 129
290 128
290 128
291 128
290 128
290 128
290 127
290 127
291 127
291 127
291 127
291 126
291 126
290 126
292 126
292 126
291 126
292 125
292 125
292 125
292 125
293 126
293 126
295 126
296 127
297 127
297 127
297 127
298 127
297 127
297 126
298 126
298 126
299 126
299 126
299 126
299 126
299 125
299 125
299 125
300 125
301 125
301 124
301 124
302 125
303 125
303 125
304 125
303 125
304 125
304 125
305 126
305 126
305 126
305 126
305 126
305 126
306 127
306 127
306 127
307 127
306 128
307 128
308 128
310 129
309 129
310 129
310 129
311 129
311 129
311 130
311 130
310 129
311 130
311 130
311 130
310 130
310 131
310 131
309 131
309 132
309 132
308 132
308 133
308 133
308 133
308 133
308 134
308 134
307 135
307 135
307 136
307 136
308 137
308 137
308 137
308 138
308 138
308 138
307 139
307 139
306 139
306 140
305 140
305 140
305 141
305 141
305 141
304 141
304 142
303 142
303 142
304 143
303 143
303 143
303 143
303 143
303 144
303 144
302 144
302 144
302 144
302 145
302 145
302 146
301 146
302 146
301 147
302 147
301 147
300 148
300 148
300 148
299 149
299 149
298 149
298 150
299 150
298 150
298 150
297 151
297 151
297 151
297 151
296 152
295 151
294 151
293 151
293 151
293 151
292 151
292 151
292 152
291 151
292 152
291 152
291 152
290 152
290 153
291 153
290 153
290 153
290 153
289 153
290 153
289 154
289 154
288 154
288 154
288 154
288 155
288 155
289 155
288 156
288 156
288 156
287 157
288 157
288 157
287 158
288 158
288 159
288 159
287 160
287 160
287 160
287 160
287 161
288 161
287 162
287 162
287 162
286 162
287 162
287 162
286 162
287 163
287 163
287 163
288 164
287 165
287 165
286 165
286 166
286 166
287 167
287 167
287 168
287 168
286 168
286 168
286 169
286 169
286 169
285 169
286 170
286 170
286 171
285 171
285 172
285 172
286 173
286 173
286 174
285 174
285 174
285 174
286 175
285 175
285 175
285 176
284 176
284 176
285 177
284 177
285 177
284 177
284 178
284 178
283 178
283 178
283 178
283 178
283 179
282 179
281 179
281 179
281 179
281 179
280 179
279 179
279 180
280 180
280 181
279 181
279 181
279 181
279 182
279 182
278 182
279 183
279 183
279 184
279 184
278 184
278 184
278 184
279 185
278 185
278 185
277 186
278 186
278 186
277 187
276 186
277 187
278 187
277 188
276 188
276 188
277 188
277 188
275 188
275 188
275 188
275 188
275 188
275 188
274 188
274 188
273 188
272 188
272 188
271 188
271 188
271 189
271 189
270 189
271 189
270 189
270 189
271 189
271 189
271 189
271 189
272 189
274 190
274 190
275 190
273 189
274 190
274 189
275 190
274 189
275 189
274 189
275 189
275 190
275 190
275 190
276 190
276 190
276 190
275 190
275 190
276 190
276 190
276 190
276 190
276 190
276 190
277 190
277 190
277 189
278 189
279 189
280 189
279 188
281 188
282 189
281 189
282 188
282 188
282 188
283 188
282 187
283 187
282 186
283 186
282 186
283 186
283 186
284 186
284 186
285 186
285 185
286 185
287 185
287 185
288 185
287 184
287 184
288 184
288 184
288 184
288 184
289 184
290 184
290 184
290 184
290 183
290 183
290 183
290 183
290 182
289 182
290 182
290 182
290 182
291 182
292 182
292 181
292 181
293 181
293 181
293 181
294 181
294 181
294 181
295 181
296 181
295 181
296 181
298 181
298 182
299 182
300 182
301 182
301 182
301 183
301 182
303 183
302 183
303 182
303 182
304 182
304 182
305 182
305 182
305 182
306 182
306 183
306 182
307 183
307 183
310 183
311 183
311 183
312 183
312 183
314 184
314 184
315 184
316 184
317 184
318 184
318 184
318 184
319 184
319 184
320 184
321 184
322 184
323 185
326 185
326 185
326 185
327 185
326 185
326 185
325 185
325 185
324 185
323 185
322 185
321 185
320 185
319 185
318 185
317 186
317 186
316 186
315 186
314 186
315 186
314 186
314 186
313 186
313 186
313 187
313 187
313 188
311 188
312 189
311 189
311 190
311 190
309 190
308 190
308 190
309 190
307 191
306 191
305 191
304 191
304 191
303 192
303 192
302 192
302 192
301 192
299 192
299 193
298 193
299 193
298 193
298 194
298 194
298 194
298 194
297 194
297 194
297 195
296 195
296 195
295 195
295 195
294 196
294 196
293 197
292 197
293 197
291 198
291 198
290 198
290 199
290 199
289 199
290 200
288 200
289 200
288 200
286 201
286 201
285 201
285 201
284 202
282 201
282 202
282 202
282 202
280 202
279 202
278 202
278 202
277 202
278 203
277 203
276 203
276 204
275 204
274 204
273 204
274 205
274 205
271 204
272 205
271 205
270 205
269 206
267 206
268 206
268 206
267 206
267 207
266 207
264 207
265 207
266 208
265 208
264 207
264 208
263 207
264 208
263 208
263 209
262 209
261 209
261 209
261 210
261 211
260 211
260 212
259 212
259 212
259 213
258 213
257 213
257 214
258 214
258 215
256 215
256 215
255 216
255 216
255 217
254 217
254 217
253 217
254 218
252 217
252 218
250 217
251 218
249 218
250 218
250 219
250 219
249 219
249 220
248 220
249 220
248 221
248 221
247 221
247 221
246 221
245 221
246 221
245 221
244 221
243 221
244 222
244 223
243 224
243 224
243 224
243 225
242 225
241 225
241 226
240 226
240 226
240 227
240 228
240 228
240 228
240 228
239 229
237 228
237 229
238 229
237 229
237 230
236 230
237 231
237 231
238 231
235 231
234 231
234 231
234 231
234 231
232 231
232 231
232 231
231 231
231 231
230 232
230 232
230 233
228 232
228 232
227 232
228 232
228 232
227 232
226 231
227 232
227 232
225 231
225 232
225 232
224 232
223 232
226 233
225 232
224 232
224 233
224 233
224 234
223 234
223 234
223 235
224 236
224 236
225 237
224 237
223 237
223 237
224 238
224 238
223 238
224 239
223 239
222 239
222 240
222 240
222 240
222 241
221 241
221 241
221 241
221 241
221 242
221 242
219 242
220 242
220 243
220 243
219 243
220 244
220 245
218 244
219 245
220 246
219 246
218 245
218 246
219 246
218 246
217 246
217 246
218 247
217 247
216 247
216 247
216 248
216 248
215 248
214 247
216 248
214 248
215 249
215 248
215 249
216 249
215 249
216 249
216 249
216 249
217 249
217 249
217 249
217 249
217 248
216 248
217 248
218 248
217 247
217 247
217 247
218 247
218 247
219 247
218 247
219 247
218 246
218 246
218 245
218 245
221 246
221 246
220 246
220 245
221 246
222 247
221 246
223 247
223 247
223 247
222 247
223 247
223 247
224 247
225 248
225 248
225 248
225 248
226 248
225 248
226 248
227 248
227 248
227 248
227 248
225 247
226 247
226 247
226 247
227 247
227 246
226 246
227 246
226 245
227 245
227 245
227 244
228 245
228 245
228 244
229 244
229 244
230 244
230 244
231 245
231 245
231 245
231 244
233 245
233 244
235 244
234 244
235 244
235 243
236 243
236 243
237 243
239 244
239 244
239 243
240 243
239 242
241 243
242 243
241 242
243 243
244 243
245 243
245 243
245 242
246 242
247 242
247 242
248 241
247 241
248 241
250 241
250 241
251 241
251 241
252 241
253 241
252 240
252 240
252 240
255 240
255 240
256 240
256 239
256 239
256 239
255 239
257 239
257 239
256 238
256 238
255 237
256 238
258 238
259 238
260 237
260 237
262 237
262 237
261 237
263 237
264 236
263 236
263 236
264 236
265 236
265 235
265 235
266 235
265 234
267 235
266 234
267 234
267 234
269 234
269 234
269 234
270 234
270 234
270 234
270 235
272 235
274 236
274 236
274 237
278 238
277 238
277 238
278 239
277 239
279 239
281 240
278 239
280 240
280 240
280 240
280 240
280 240
279 240
278 240
278 240
279 241
278 241
279 241
279 241
277 242
277 242
277 242
276 242
275 242
276 242
275 243
277 243
276 243
275 243
275 243
275 243
274 243
275 243
274 243
274 243
273 243
274 244
274 244
274 244
274 245
273 245
274 245
272 244
272 244
272 244
273 245
274 245
272 245
272 245
272 245
272 245
273 246
273 246
274 247
271 246
272 247
270 247
269 247
270 248
269 248
269 248
270 249
267 249
267 248
267 249
266 249
265 249
265 249
265 249
265 249
265 250
264 250
263 250
263 250
263 251
264 252
261 251
262 252
263 252
262 252
261 252
263 253
261 253
261 253
263 254
264 255
262 254
261 254
260 254
261 255
258 254
260 255
259 255
260 256
258 256
258 256
257 256
256 256
256 257
256 258
255 258
254 258
254 259
253 259
253 260
252 260
253 260
252 261
251 261
250 261
249 261
248 261
248 262
248 262
247 262
246 263
246 263
245 263
244 263
245 264
244 264
244 264
243 264
243 264
241 264
241 264
243 265
241 265
241 265
240 265
239 266
239 266
240 266
240 266
239 267
240 267
240 267
238 267
238 267
237 267
236 267
238 268
237 268
237 269
236 269
235 269
235 270
235 270
235 271
235 271
233 271
234 272
235 273
235 273
234 273
234 273
233 273
233 273
232 274
232 274
232 274
232 275
232 275
232 275
231 275
230 276
231 276
231 276
232 276
232 277
231 276
233 277
232 278
231 279
232 279
232 280
232 280
231 281
230 281
229 281
230 281
231 282
230 283
229 283
229 284
230 284
229 284
229 284
228 284
226 284
226 285
226 285
226 286
225 286
224 286
225 287
224 286
223 287
224 287
225 288
224 288
223 288
223 288
223 288
222 288
220 288
220 289
222 289
221 289
220 290
221 291
220 291
222 291
222 292
220 291
219 291
220 292
218 291
218 291
220 292
218 292
217 292
217 292
218 293
221 294
220 294
220 295
219 295
218 294
218 295
218 296
217 296
216 296
217 297
214 296
217 298
214 297
215 298
216 298
216 298
216 298
215 299
217 300
215 300
215 300
215 301
214 300
213 301
213 301
214 301
214 302
212 302
213 303
214 303
213 303
213 304
212 304
212 304
212 305
211 305
211 306
210 306
211 306
210 306
211 306
210 306
211 307
210 307
210 307
210 308
210 308
208 308
209 308
210 309
210 309
208 310
208 310
208 310
207 310
207 311
207 311
206 311
208 312
207 312
207 311
208 312
207 311
206 311
205 311
206 311
207 312
206 312
207 312
206 312
206 312
206 312
206 312
206 312
207 313
207 313
207 314
206 314
207 315
208 316
206 316
206 316
206 317
207 317
208 318
207 318
208 318
208 318
207 318
207 318
207 318
206 318
207 318
208 318
209 319
208 319
209 319
210 320
209 319
208 319
209 319
211 320
211 320
210 319
213 320
213 320
212 320
213 320
213 319
214 320
217 320
215 320
216 320
217 320
217 320
216 320
215 319
215 319
215 319
216 319
214 319
213 319
214 319
214 319
214 319
213 319
213 319
213 319
214 318
213 318
212 318
212 318
213 318
213 317
211 316
212 317
212 317
211 316
211 316
212 317
213 317
212 317
212 317
213 318
213 319
213 318
213 318
214 318
214 318
213 318
214 318
213 318
213 318
212 318
213 318
213 318
213 317
214 317
214 316
213 315
214 315
214 315
213 314
213 313
212 312
212 312
213 312
213 312
213 311
214 312
215 311
216 311
215 311
216 311
217 311
216 310
216 310
217 310
217 309
218 309
218 308
219 308
217 308
218 307
217 307
219 307
220 307
220 307
221 308
221 307
223 307
221 307
220 306
220 306
222 307
221 306
222 306
222 305
223 305
223 305
224 305
221 304
223 304
223 303
223 303
224 303
222 302
224 301
223 300
225 300
225 300
224 299
224 299
226 299
224 298
226 299
226 299
226 298
227 298
227 298
228 298
228 298
227 297
228 297
227 296
228 296
228 295
229 295
228 295
230 295
230 295
229 295
230 295
229 295
229 295
228 295
231 295
231 295
230 295
229 295
229 295
232 295
233 296
234 296
232 296
230 295
231 295
231 295
232 295
232 295
232 294
230 293
233 294
232 294
231 293
232 293
230 292
232 292
232 292
231 291
233 291
232 291
232 290
232 290
232 290
232 290
234 290
234 290
234 290
235 290
233 289
233 288
234 288
235 288
234 287
235 287
235 287
236 287
237 288
238 288
236 287
236 287
238 288
238 287
239 287
238 287
239 287
239 286
240 286
239 286
240 286
241 286
242 286
242 286
243 285
244 285
243 285
242 285
244 285
243 284
245 284
244 284
243 283
242 283
244 283
242 282
244 282
245 282
245 282
245 282
244 281
246 282
246 282
246 283
246 283
245 283
245 283
246 283
246 283
245 283
247 283
249 284
248 283
248 283
248 284
247 283
246 283
246 283
250 284
249 285
249 285
249 285
248 284
249 285
249 285
249 285
248 285
247 285
247 285
248 285
248 286
248 286
248 286
248 286
249 286
249 287
248 286
247 286
249 287
248 287
249 287
248 287
247 287
247 287
245 286
247 287
247 287
244 287
244 287
244 287
244 287
243 287
244 288
244 287
244 287
243 287
244 288
244 288
244 288
243 288
242 288
242 288
244 289
244 288
242 288
241 288
240 288
241 288
240 288
240 288
239 288
239 288
241 288
238 288
240 289
239 289
236 289
236 289
235 289
237 289
236 289
238 290
237 290
238 291
237 291
237 291
236 291
235 291
235 291
236 292
238 292
237 292
237 293
237 293
237 294
235 293
236 294
236 294
234 294
234 294
234 294
235 295
233 294
233 295
234 294
231 294
233 295
231 294
232 295
233 295
232 295
232 295
232 295
231 295
232 296
232 296
230 296
231 296
232 297
233 297
231 297
230 297
230 297
229 297
229 298
230 298
229 298
229 299
230 299
230 300
230 300
230 300
231 300
230 300
230 300
230 301
230 301
231 301
230 301
232 302
232 303
230 302
231 303
230 304
230 304
230 304
231 306
230 306
230 306
228 306
229 307
230 308
229 308
230 308
229 309
230 309
229 309
229 309
230 310
230 310
230 309
229 310
229 310
231 311
231 311
230 311
231 311
231 311
230 310
230 310
231 311
231 311
229 311
230 311
231 311
229 311
229 311
229 311
229 311
230 311
230 311
228 310
231 311
230 311
232 312
232 312
232 312
231 312
231 311
230 311
230 311
231 311
231 311
231 311
232 312
232 312
231 311
232 311
231 311
231 311
232 311
231 311
231 310
232 310
233 310
231 310
232 310
230 309
232 310
232 310
233 310
234 310
234 310
234 311
233 310
234 311
236 311
237 311
236 310
235 310
236 310
235 310
236 310
236 310
236 310
236 310
236 310
235 309
233 309
235 309
236 308
234 308
234 307
234 307
236 307
235 306
234 305
234 305
234 305
236 304
233 304
234 303
234 303
236 303
234 302
234 301
234 301
235 301
234 300
234 300
235 299
234 299
238 300
238 300
236 299
237 299
238 300
240 300
241 301
243 301
243 301
244 301
245 301
247 302
247 302
248 302
247 301
248 302
249 302
248 301
249 301
248 301
246 300
249 301
247 299
248 299
249 299
251 299
249 299
249 298
251 298
249 297
252 298
251 298
251 297
252 297
253 297
251 296
251 296
253 296
254 296
256 296
255 296
255 296
257 296
257 296
257 296
257 296
259 297
259 297
258 297
259 298
261 298
261 298
260 298
260 297
259 297
259 296
260 296
260 296
260 296
264 296
264 296
263 296
262 295
261 294
263 295
263 295
262 294
262 293
261 293
261 292
262 292
263 292
260 291
262 291
260 290
261 290
262 290
261 289
262 289
261 288
261 288
260 287
262 287
261 287
262 286
261 286
262 286
262 286
264 285
263 285
266 285
265 285
265 285
266 285
265 284
266 284
268 285
267 284
267 284
268 284
267 284
269 284
268 284
270 284
268 283
268 283
267 282
270 283
269 282
269 282
270 282
271 282
270 282
272 282
271 281
272 281
272 280
272 280
271 279
271 279
273 279
272 278
272 278
270 278
271 278
272 278
272 278
273 278
272 278
271 277
273 277
271 277
273 277
272 277
272 277
271 277
273 277
274 277
272 276
273 276
272 276
271 276
273 276
274 276
275 277
274 277
273 276
273 276
273 276
274 276
273 275
272 275
273 275
274 275
274 275
274 276
275 276
272 275
275 276
275 276
274 276
273 275
274 275
275 275
273 274
274 273
274 274
273 273
274 273
273 272
273 272
273 272
273 272
274 272
275 272
275 271
275 271
275 270
274 270
278 271
276 270
275 270
277 270
276 270
277 270
275 269
277 269
278 269
279 270
279 269
279 269
279 270
280 270
283 272
283 272
283 273
285 273
289 274
293 275
294 275
295 275
296 276
295 276
296 275
295 275
296 275
294 275
293 275
294 275
294 276
294 276
295 276
296 276
294 275
294 275
294 275
293 275
293 275
296 275
294 275
295 275
296 275
295 275
296 275
298 275
296 274
300 275
299 274
299 273
298 273
299 272
297 271
301 272
299 271
300 271
298 271
298 272
298 272
298 272
298 271
299 271
298 271
300 271
301 271
299 270
300 270
298 270
299 270
297 270
300 270
301 271
301 271
301 271
303 271
299 270
302 270
299 269
298 269
298 268
302 269
301 268
303 269
300 269
299 268
300 269
301 269
300 269
300 269
302 269
301 269
303 270
300 269
302 270
299 270
298 271
297 270
303 271
301 270
303 270
302 270
303 270
302 270
302 270
302 271
302 271
302 271
304 271
304 272
306 272
308 272
308 272
309 272
309 271
311 271
313 271
314 270
315 270
318 270
318 270
317 270
318 269
321 268
323 267
322 266
324 266
325 266
323 265
325 265
325 264
327 263
328 263
332 262
332 261
330 261
329 260
330 259
332 258
333 258
336 257
337 257
338 256
339 255
339 254
342 254
341 253
343 251
346 249
346 248
345 248
347 247
348 246
349 245
348 244
348 243
346 242
346 241
346 240
346 239
347 238
346 236
345 235
345 234
347 232
347 231
347 229
349 228
350 227
350 226
348 225
349 224
350 223
350 221
349 220
349 219
351 218
352 216
353 215
354 214
354 213
354 211
355 210
356 209
354 208
354 207
355 206
355 205
355 203
355 201
354 200
354 199
354 198
354 197
354 196
355 195
357 194
357 193
358 192
359 191
360 190
360 189
361 188
361 187
362 186
363 185
363 184
365 183
366 181
369 179
369 178
370 177
370 176
372 175
372 173
374 172
374 171
375 169
375 168
374 167
374 166
373 165
373 164
372 162
371 161
369 160
368 159
367 158
365 155
364 154
363 153
360 152
360 151
360 150
359 149
359 148
359 147
358 146
358 145
357 144
357 143
358 142
356 141
356 140
357 140
356 139
355 137
354 137
354 136
354 135
355 135
355 134
355 133
356 132
355 131
354 131
354 130
354 130
354 129
355 128
355 128
354 127
354 126
353 125
354 125
354 124
354 124
354 123
355 122
355 122
356 121
355 121
355 120
355 120
355 120
355 119
356 119
355 118
356 118
356 117
356 117
354 116
355 116
355 116
355 115
355 115
355 115
356 114
356 114
356 114
356 113
356 113
355 112
356 111
356 111
355 111
356 110
356 109
356 108
355 107
355 107
355 106
355 105
355 105
354 104
354 104
354 104
353 103
353 103
353 102
353 102
353 101
352 101
352 101
352 100
352 100
352 99
351 99
351 98
351 98
351 97
351 97
351 97
350 96
350 96
350 96
350 95
349 95
350 94
349 93
349 93
349 93
350 92
350 91
350 91
350 91
350 90
350 90
350 89
350 89
349 88
349 88
349 88
349 87
349 87
349 86
349 85
349 85
349 84
349 84
348 83
348 83
348 82
348 82
348 81
347 81
347 81
347 80
347 80
347 80
347 80
347 79
346 79
346 78
346 78
346 78
346 78
346 78
346 78
346 78
346 78
346 78
346 77
346 77
346 77
346 77
346 77
347 77
347 77
346 77
347 78
347 78
347 78
347 78
347 78
348 78
348 78
348 77
348 77
348 77
348 78
348 78
348 78
348 77
348 77
349 77
349 77
349 77
349 77
349 76
349 76
349 76
349 76
349 76
349 76
349 76
349 76
349 76
349 76
349 77
349 77
349 77
349 77
349 77
350 76
350 76
350 76
350 76
350 76
350 76
350 76
350 76
350 76
350 76
350 76
350 76
351 76
351 76
350 76
350 76
351 76
351 76
351 76
351 76
351 76
350 76
350 76
350 76
350 76
350 76
350 76
350 76
350 76
350 76
350 76
351 76
351 76
350 76
350 76
350 76
350 76
350 76
350 76
351 76
350 76
350 76
350 76
350 76
350 76
350 77
350 77
350 77
350 77
349 77
350 77
349 77
349 77
349 77
349 77
348 77
348 77
349 77
349 77
349 77
349 77
349 78
349 78
349 78
349 78
349 78
349 78
349 78
349 78
349 78
349 78
349 78
349 78
350 79
350 79
350 79
350 79
350 80
350 80
350 80
350 80
350 80
349 80
349 80
349 80
350 80
350 81
350 81
350 81
350 82
350 82
350 82
350 82
350 82
350 82
350 82
351 82
351 82
351 82
351 82
351 82
351 82
351 82
351 83
351 83
351 83
351 83
351 83
351 83
351 83
351 84
351 84
351 84
351 84
352 85
352 85
352 85
352 85
352 85
352 85
352 85
352 85
352 86
352 86
352 86
353 86
352 86
353 87
352 87
353 87
353 87
353 88
353 88
353 88
353 89
354 89
354 89
354 89
354 90
354 90
354 90
354 91
355 91
355 91
356 91
356 92
356 92
356 92
357 92
357 92
358 92
358 92
359 93
360 93
360 93
360 94
359 94
360 94
360 95
360 95
360 95
361 95
361 95
362 95
363 96
363 96
363 96
363 97
363 97
363 97
363 97
363 97
364 97
365 98
365 98
365 98
366 98
366 99
366 99
367 99
367 99
367 100
368 100
368 100
368 101
368 101
368 101
368 101
368 101
368 102
368 102
368 102
368 102
368 102
368 102
368 102
368 102
368 102
368 102
368 102
368 102
368 102
368 102
368 103
368 103
368 103
368 103
368 103
369 103
369 103
368 104
368 104
368 104
368 104
368 104
368 104
368 104
368 104
367 104
369 104
369 104
368 104
369 105
369 105
369 106
369 106
370 106
370 107
370 107
370 107
370 107
371 108
370 108
370 108
371 108
371 108
372 108
371 108
372 108
371 108
370 108
370 108
370 108
370 108
370 107
370 107
370 108
370 108
371 108
370 108
370 108
370 108
370 108
370 108
371 108
370 108
370 108
370 108
370 108
369 108
369 107
369 107
369 107
368 107
367 107
366 107
366 107
366 108
365 108
365 108
365 108
365 108
365 108
365 108
365 108
365 108
364 108
364 108
364 108
364 108
364 108
363 108
363 107
363 107
363 107
363 107
362 107
362 107
362 107
362 107
362 107
362 107
362 107
361 107
362 107
362 107
362 107
361 107
361 106
362 106
362 106
362 106
362 106
362 105
362 105
362 105
362 105
362 105
362 105
362 105
362 105
361 105
361 105
361 105
361 105
361 105
361 105
361 105
360 105
360 105
361 105
361 105
361 105
362 104
361 104
361 104
361 104
362 104
362 104
362 103
361 103
362 103
362 103
362 103
362 103
361 103
362 102
361 102
361 102
361 102
361 102
360 102
360 102
360 101
360 101
359 101
358 101
358 101
358 102
358 102
358 102
358 102
359 102
359 102
359 102
359 102
359 102
358 102
358 102
358 102
357 102
357 102
358 102
358 102
358 102
357 102
357 102
357 102
357 101
357 101
357 101
357 101
358 102
357 102
356 102
356 102
357 102
357 102
356 102
356 102
356 103
356 103
355 103
356 103
355 103
355 103
355 103
355 103
355 103
356 103
355 103
355 102
355 102
355 102
355 102
355 103
355 103
355 103
356 103
355 103
356 103
355 104
355 104
355 104
355 104
355 104
355 105
355 105
355 105
355 105
355 106
355 106
355 106
355 106
355 106
355 106
356 107
356 107
355 107
355 108
355 108
355 108
354 109
354 109
354 109
355 109
354 110
354 110
354 110
354 110
354 110
354 111
354 111
355 111
355 111
355 111
356 111
356 111
356 111
357 111
357 111
357 112
357 112
357 112
357 112
356 113
356 113
356 113
356 114
356 114
357 114
356 115
356 115
356 115
357 116
357 116
358 116
358 116
358 116
358 117
358 117
359 117
359 117
359 118
360 118
360 118
360 118
361 118
361 118
361 119
361 119
361 119
361 119
361 119
361 119
361 120
361 120
361 120
361 120
361 120
361 120
362 121
362 121
362 121
362 122
362 122
362 122
363 123
363 123
363 123
364 124
365 124
365 124
364 124
364 125
365 125
365 125
366 125
366 125
366 126
367 126
367 126
367 126
367 127
367 127
367 127
367 127
368 127
368 128
368 128
369 128
369 128
369 128
369 129
369 129
369 129
369 129
370 129
370 129
370 129
370 129
370 130
370 130
371 130
371 130
371 130
372 130
373 130
373 131
373 131
373 132
373 132
374 132
373 132
373 133
373 133
373 133
373 133
373 133
372 134
372 134
372 135
372 135
372 136
372 136
373 136
372 136
372 136
372 137
372 137
371 137
372 138
371 138
371 139
371 139
373 139
373 140
373 140
374 140
374 141
376 141
376 141
377 141
378 141
379 141
378 141
379 141
380 141
380 141
381 141
380 142
380 142
381 142
381 142
381 142
381 142
381 142
382 142
382 142
382 142
382 142
382 142
382 142
382 142
383 142
384 142
383 143
383 143
383 143
383 143
384 143
383 143
383 143
383 144
384 144
383 144
383 144
383 145
383 145
383 145
383 145
384 146
383 146
383 146
383 146
384 146
384 146
384 145
384 145
384 145
384 145
385 146
385 146
385 146
385 146
385 146
384 146
384 146
384 146
384 147
384 147
384 147
383 147
383 147
384 148
384 148
384 148
384 148
384 148
384 149
385 149
385 149
383 149
384 149
384 150
384 150
384 151
384 151
385 151
384 151
384 151
384 151
384 151
384 151
384 151
383 151
383 150
383 150
383 150
383 150
383 150
382 150
381 150
381 150
381 150
380 150
379 149
379 149
379 149
377 149
377 149
376 149
376 149
376 149
374 149
373 150
373 150
373 150
373 150
372 150
371 150
371 150
371 150
370 150
370 150
369 150
369 150
369 150
368 150
368 150
368 150
368 150
368 150
368 150
367 150
367 150
366 149
366 149
366 149
365 149
365 149
365 148
364 148
363 148
363 148
363 148
361 148
362 148
362 148
361 148
362 148
362 148
362 148
362 148
361 148
361 148
362 148
362 148
362 148
362 148
362 148
363 148
363 148
363 148
363 148
363 147
362 147
361 147
361 146
359 146
359 146
358 146
358 145
357 145
357 145
357 145
356 145
355 145
354 144
354 144
354 144
354 144
354 144
353 144
353 144
353 143
353 143
353 144
353 143
353 143
352 143
352 143
351 143
351 143
352 143
351 143
350 143
350 143
350 143
350 143
348 142
348 142
348 142
348 142
347 142
347 141
346 141
346 141
346 141
345 140
345 140
344 140
344 140
344 140
344 140
343 139
342 139
342 139
341 138
341 138
340 138
339 137
339 137
338 137
336 136
335 136
335 136
336 136
336 136
336 135
335 135
335 135
334 135
334 135
334 135
334 135
334 135
334 135
334 135
333 135
334 135
333 135
333 135
333 135
334 135
333 135
333 135
334 135
333 134
334 134
333 134
334 134
334 133
334 133
333 133
334 133
334 133
333 132
332 132
332 132
331 132
331 132
331 132
331 132
331 132
331 132
331 133
331 133
332 133
331 133
331 133
331 133
331 133
331 133
330 133
330 133
330 133
329 133
329 134
330 134
330 134
329 134
329 134
328 134
328 134
328 134
328 134
327 134
327 134
327 134
328 134
327 134
327 134
328 134
328 134
328 134
329 135
330 135
330 135
330 135
331 135
331 136
333 136
333 136
333 137
333 137
334 137
335 138
335 138
335 138
336 138
336 138
336 138
336 138
338 139
337 139
337 139
338 139
339 140
339 140
340 141
340 141
340 142
341 142
341 142
340 143
339 143
339 143
339 143
339 144
340 144
340 144
341 145
342 146
342 146
343 146
343 146
343 146
343 146
344 147
345 147
345 147
345 148
347 149
347 149
347 150
347 150
347 151
348 151
348 151
348 151
348 152
349 152
349 152
349 152
349 153
350 153
351 154
351 155
351 155
352 156
352 156
352 157
353 157
353 158
354 158
354 158
354 158
354 159
354 159
355 159
356 159
355 159
356 160
356 160
356 160
357 161
357 161
358 161
359 162
360 162
361 162
360 163
362 163
363 163
363 163
364 163
365 163
364 164
363 164
365 164
365 165
365 165
365 165
365 166
365 166
366 166
367 166
367 167
367 168
368 168
369 168
370 169
371 169
372 169
374 169
375 170
375 170
377 171
376 171
376 171
376 171
377 171
378 171
378 171
379 171
378 172
379 172
379 172
379 173
379 173
379 173
380 173
381 174
381 174
382 175
382 175
383 175
383 176
384 176
382 176
383 176
384 176
384 176
383 177
385 177
385 177
384 177
384 177
386 177
386 177
386 178
386 178
387 179
389 180
390 180
390 181
390 181
390 182
390 182
393 182
394 182
394 182
394 182
395 182
396 182
396 182
398 182
399 182
399 183
401 183
402 183
404 183
405 183
406 183
406 183
406 183
408 183
407 184
408 184
408 183
409 183
409 184
410 184
410 184
411 185
412 185
412 184
413 184
414 184
413 184
414 184
416 184
415 185
416 185
416 185
417 185
418 185
418 185
417 186
417 187
417 187
417 188
417 188
417 188
417 188
417 189
416 190
417 190
418 190
418 190
418 191
417 191
417 192
418 192
419 192
420 192
420 192
420 192
421 192
421 193
422 193
423 193
423 193
424 193
425 193
424 193
425 193
425 193
424 193
425 193
425 193
425 193
426 193
425 194
425 194
426 194
426 194
426 194
426 194
427 194
428 194
427 195
428 195
427 195
427 196
427 196
427 196
427 196
427 196
426 197
426 197
428 196
428 197
426 198
428 198
427 198
427 198
428 199
428 199
428 200
429 200
430 200
430 200
429 200
430 200
429 200
428 200
429 200
428 200
428 200
429 200
428 200
428 200
429 200
429 200
429 200
429 199
430 199
430 199
431 199
432 198
432 198
432 198
433 198
433 198
433 198
433 197
433 197
432 198
431 198
431 198
431 198
431 198
430 198
431 198
430 198
430 198
430 198
428 198
428 198
427 198
427 198
427 198
427 198
426 198
426 198
426 198
425 198
425 198
425 198
426 198
425 197
425 197
425 198
424 198
422 198
422 198
421 198
421 198
421 198
420 198
419 197
419 197
418 197
418 197
417 197
416 197
415 197
414 197
414 197
412 197
411 197
411 197
410 197
407 197
405 197
405 197
405 196
405 196
403 197
402 197
403 197
402 197
402 197
401 197
401 196
399 196
399 196
398 196
397 196
395 196
394 196
392 196
392 196
392 196
392 196
389 196
388 196
387 195
387 195
386 195
384 194
384 194
384 194
383 194
381 194
381 194
380 194
380 194
377 194
376 194
376 194
376 193
375 193
373 194
373 194
373 193
373 193
373 193
373 193
373 193
371 193
370 192
369 192
368 192
369 192
367 192
366 191
365 191
364 191
366 190
364 190
364 190
363 190
364 189
364 189
364 189
363 189
363 189
363 188
363 188
362 188
361 188
360 188
360 187
359 187
358 186
358 186
357 186
357 186
357 185
356 185
354 185
355 185
354 184
354 184
353 184
352 184
351 184
351 184
351 184
349 184
349 184
347 184
348 184
348 184
348 184
347 184
348 184
348 184
348 184
348 184
348 185
348 185
348 185
348 185
349 185
348 185
348 186
349 186
349 186
349 186
349 186
349 186
350 186
351 187
350 187
350 187
351 187
351 188
352 188
352 188
353 188
353 188
352 188
353 189
354 189
354 188
353 188
352 188
354 188
354 188
355 189
355 189
355 190
356 190
357 190
357 190
356 190
357 190
357 191
357 191
358 192
359 192
360 192
361 192
360 193
360 193
360 193
361 194
360 194
360 195
359 195
359 195
359 195
359 196
359 196
358 196
358 197
357 198
358 198
359 198
360 198
360 198
360 199
360 199
362 199
362 200
362 200
363 200
365 201
364 201
364 201
364 202
365 202
366 202
366 203
366 203
369 204
370 204
369 205
369 205
370 206
370 206
372 206
371 207
373 207
373 208
374 208
375 209
375 209
377 210
378 210
377 210
377 211
377 211
379 211
379 212
381 212
382 212
382 213
383 213
383 213
384 214
384 214
384 214
385 214
385 214
386 214
386 214
387 215
389 215
390 215
391 215
391 216
391 216
391 217
390 217
391 218
393 218
392 218
391 219
393 219
393 220
393 220
393 221
394 221
395 221
396 221
397 222
399 222
401 222
402 222
402 223
403 223
404 223
404 223
404 223
405 223
405 223
406 223
404 223
405 223
405 223
404 223
404 224
405 224
405 225
405 225
406 225
407 225
407 226
408 226
409 226
409 227
409 227
409 228
408 228
411 228
410 229
412 229
410 230
410 231
411 230
411 231
410 231
411 232
410 232
411 232
411 232
411 233
411 233
411 233
412 233
413 233
412 234
413 234
414 234
414 235
414 235
415 235
415 236
415 236
415 237
415 237
415 237
416 237
415 238
415 238
415 238
415 239
416 238
415 239
416 239
417 240
418 240
417 241
418 241
419 241
419 241
420 242
419 242
419 243
420 243
420 244
420 244
420 244
421 244
419 245
421 244
423 244
424 244
423 245
424 245
424 245
423 246
423 246
424 246
423 246
424 246
426 246
426 246
426 246
427 246
427 247
428 247
429 248
428 248
429 248
431 248
430 249
430 249
432 249
433 249
432 249
432 249
432 249
433 249
433 249
435 249
435 249
434 250
436 250
434 251
435 251
435 251
437 252
436 252
437 252
436 253
437 253
436 254
437 254
438 254
439 254
440 254
439 255
440 254
441 254
442 254
444 254
445 254
447 254
447 254
447 255
448 254
446 255
448 255
447 255
448 255
446 256
448 256
448 257
449 257
449 257
449 257
449 257
450 257
450 257
450 257
450 258
451 258
451 258
453 258
452 258
453 258
452 259
453 259
453 260
454 260
454 260
454 260
455 261
454 261
456 261
456 261
456 261
456 261
456 262
457 261
457 261
456 262
458 262
458 262
457 263
456 263
458 263
459 263
455 264
455 264
457 264
458 265
457 265
456 266
456 266
456 266
457 266
455 267
455 267
456 267
457 267
458 266
458 267
459 267
458 267
458 267
460 266
462 266
462 266
463 266
461 267
460 267
459 268
460 268
460 268
460 269
460 269
459 270
459 271
460 270
460 270
460 270
460 271
461 271
461 271
462 270
461 270
461 270
462 270
461 270
461 269
461 269
460 269
460 269
460 269
458 269
458 269
457 270
457 269
457 269
458 269
458 269
459 269
459 269
461 269
461 269
460 269
459 269
459 270
460 270
461 269
460 270
460 270
460 270
458 270
459 270
458 270
455 271
455 271
454 271
455 271
453 271
452 271
452 271
450 271
450 271
451 270
451 270
453 269
452 269
451 269
450 268
451 268
452 267
452 267
451 267
451 267
450 267
449 267
449 266
450 266
449 265
448 266
447 265
445 266
445 266
444 265
444 265
443 265
443 265
441 265
442 264
441 264
442 264
440 264
440 264
438 263
436 263
432 264
431 263
430 263
430 262
427 263
427 263
426 263
425 263
426 262
423 263
423 262
421 263
421 263
421 263
419 263
417 263
416 263
415 263
415 262
413 263
412 263
412 263
413 262
413 262
411 261
409 261
408 261
408 261
407 260
406 260
406 260
404 260
404 259
402 259
402 259
402 259
401 258
401 258
400 258
399 257
398 257
397 257
396 256
396 256
395 256
393 255
393 255
393 255
392 255
392 254
392 254
392 254
391 254
391 253
390 253
389 253
387 253
388 252
387 251
385 251
385 250
383 250
383 250
382 249
382 249
380 249
379 249
379 249
378 249
376 248
377 248
377 248
377 247
375 247
377 247
376 247
375 247
375 247
376 247
374 247
375 246
375 246
373 247
374 247
375 247
375 247
374 247
374 246
374 246
373 246
373 246
374 246
373 247
373 247
373 247
373 247
374 247
372 247
371 247
371 247
371 247
371 247
371 247
371 247
371 247
370 247
370 247
371 247
370 247
370 247
369 247
368 248
368 248
367 248
367 248
366 248
366 248
365 248
366 249
366 249
366 249
368 249
368 249
368 249
367 249
368 249
369 249
367 249
367 249
368 249
369 250
369 250
370 250
370 250
369 251
369 251
368 252
370 252
370 252
370 253
370 253
371 253
370 253
370 253
370 254
371 254
372 254
372 254
373 254
371 254
373 254
372 255
373 255
373 255
375 255
374 255
374 255
373 255
376 254
375 254
375 254
376 254
376 254
377 254
376 255
376 255
376 255
378 256
377 256
377 256
376 256
376 255
378 255
378 256
378 256
377 256
377 256
377 256
378 257
378 257
377 258
377 258
379 259
377 259
380 259
378 260
378 260
379 260
380 261
380 261
379 262
380 262
380 263
380 264
381 264
382 264
383 265
383 265
382 266
384 266
383 267
382 268
383 268
385 268
385 269
385 269
384 270
384 270
384 271
385 271
385 271
385 272
384 272
385 273
385 273
387 273
386 273
385 274
384 274
386 274
386 275
387 275
384 276
386 276
387 277
387 278
387 278
387 278
387 279
388 280
388 280
388 280
389 281
386 281
389 281
389 281
388 282
389 282
389 282
389 283
389 283
389 284
391 284
391 284
389 285
391 285
394 285
394 286
396 286
400 286
399 287
397 288
400 288
400 288
401 288
401 288
402 289
403 289
402 289
406 289
406 289
406 289
407 290
408 290
408 291
409 292
409 292
409 293
408 293
411 293
409 294
410 294
412 295
411 295
412 296
414 295
413 296
412 297
413 297
412 298
415 298
414 298
413 299
413 299
413 299
414 299
417 300
417 300
418 301
417 301
418 302
419 303
419 303
420 304
418 304
419 304
419 305
419 306
420 306
420 306
420 307
420 307
420 307
421 308
420 308
422 308
420 309
423 309
421 309
423 309
425 310
423 311
422 311
423 312
424 312
425 312
424 313
424 313
425 313
423 314
425 314
426 314
427 315
426 315
431 315
431 316
432 316
433 316
436 316
439 315
439 315
438 315
439 315
441 315
439 315
442 314
443 314
442 315
443 316
443 316
447 315
446 316
446 316
449 315
450 315
451 315
455 315
454 315
456 315
455 316
455 316
456 315
457 316
457 316
458 316
457 317
457 317
456 318
456 318
457 319
458 319
460 319
456 320
457 320
456 320
457 321
458 321
458 321
458 321
460 321
459 322
458 322
458 322
456 323
456 323
457 323
458 323
460 323
459 323
458 324
459 324
461 323
457 324
459 325
458 325
459 325
460 325
460 325
460 325
461 325
463 325
461 326
463 326
463 327
462 327
463 327
464 327
462 328
464 328
462 329
463 329
463 329
463 329
465 330
465 330
465 330
464 330
467 330
465 330
466 330
466 330
466 330
468 330
467 330
465 332
468 331
470 331
470 331
469 331
469 332
470 332
471 332
470 333
472 333
472 334
472 334
470 334
470 334
468 335
468 335
470 334
468 333
467 333
467 333
468 333
468 332
468 332
469 332
468 332
468 332
467 332
465 333
464 333
465 333
463 333
462 333
464 333
462 333
462 333
464 333
465 332
462 333
463 333
462 334
463 333
463 333
463 333
462 334
464 333
461 333
461 333
461 333
461 333
461 333
460 333
460 333
459 333
457 333
458 332
456 333
459 332
459 331
459 331
458 331
460 330
459 330
461 329
462 329
461 328
462 328
462 328
463 328
462 328
462 327
463 327
464 326
463 327
463 326
463 326
463 326
463 326
462 325
462 325
461 324
462 324
463 323
460 324
459 324
458 324
459 322
455 323
455 323
456 322
454 322
455 321
454 321
452 321
451 321
450 320
448 320
449 319
447 319
447 318
447 318
444 317
445 317
445 316
443 316
445 315
444 315
442 315
444 315
445 314
445 315
442 315
444 314
439 315
442 315
440 314
437 314
438 313
435 313
436 312
431 313
430 311
429 312
428 311
425 312
425 311
423 311
423 311
420 311
419 311
417 311
418 311
419 310
416 310
413 310
412 310
410 310
408 310
402 310
403 309
404 309
403 309
402 309
400 309
399 309
397 309
395 308
394 308
394 308
395 307
393 306
393 306
393 306
391 306
392 306
395 306
394 305
394 305
393 305
395 304
394 304
393 304
389 304
392 303
391 303
389 303
386 303
387 303
389 302
386 303
382 303
384 303
382 302
380 303
381 303
379 303
378 302
379 302
380 301
380 301
380 301
380 301
376 300
377 300
377 300
377 299
375 299
374 299
373 299
371 298
372 298
369 298
369 297
368 297
367 297
365 296
367 296
364 295
367 295
366 295
366 295
366 294
365 294
363 294
364 294
362 294
363 293
364 293
363 293
360 292
361 292
360 291
359 291
357 291
355 290
351 290
351 290
350 289
350 289
349 288
348 288
346 287
346 287
345 286
344 286
346 286
345 285
346 285
345 285
345 285
345 285
346 285
345 284
345 285
346 285
347 285
346 285
345 285
346 285
348 284
348 285
348 285
348 285
349 285
350 286
348 286
349 286
347 286
349 286
346 286
347 286
350 286
349 287
350 287
348 287
349 287
349 287
349 287
349 287
349 288
348 288
348 288
349 288
354 288
352 289
354 289
353 289
354 289
357 289
357 290
358 290
360 291
361 291
361 292
365 292
371 292
369 293
369 293
372 293
374 293
373 293
373 294
375 294
375 294
378 294
376 294
378 294
376 294
379 294
378 294
380 294
378 295
380 295
380 295
381 295
380 295
382 296
382 296
380 296
381 297
383 296
380 297
381 297
380 297
379 297
380 297
379 298
382 298
379 299
380 299
378 299
382 299
379 299
381 299
381 300
381 300
381 301
383 301
382 301
383 302
384 302
383 302
384 303
383 303
384 304
384 305
385 305
384 306
384 306
387 306
388 306
389 306
388 307
389 308
389 308
387 309
391 308
388 308
393 308
390 309
390 310
391 310
393 311
392 311
392 311
393 311
393 312
391 312
392 313
393 313
395 314
394 314
394 315
395 315
396 315
396 315
396 316
397 316
396 316
396 316
397 316
399 317
398 317
397 318
396 318
398 318
396 318
397 318
399 318
399 318
399 318
401 317
402 317
404 317
402 317
402 317
402 317
403 317
407 317
406 317
410 316
410 317
407 317
407 317
407 318
407 317
408 317
406 317
406 317
405 317
407 317
405 317
404 317
405 317
405 317
407 317
408 316
408 316
408 316
408 316
408 316
409 316
411 316
409 316
407 316
409 316
407 316
411 315
411 315
408 316
408 316
410 316
409 316
408 316
409 316
409 315
410 315
411 315
409 315
410 315
409 315
408 315
411 315
411 315
413 315
411 315
410 315
410 315
408 315
408 315
411 314
410 314
411 314
411 314
410 314
410 313
412 312
411 312
409 313
410 312
411 312
409 311
407 312
407 311
407 311
405 311
404 310
406 310
407 309
406 309
403 309
403 309
400 309
402 308
401 308
399 308
399 308
400 308
398 308
401 307
402 306
399 307
401 306
401 306
402 306
401 306
402 305
401 305
402 305
403 304
402 304
402 304
402 304
398 305
400 304
398 304
399 304
398 304
397 303
398 303
397 303
398 303
396 303
395 303
394 303
394 302
393 303
393 302
393 302
395 302
393 302
394 302
392 302
393 302
394 302
390 302
389 302
394 301
394 301
391 300
390 300
392 300
391 299
388 299
388 299
389 298
391 298
390 298
390 298
388 298
387 298
387 297
387 297
385 297
382 297
383 296
382 296
382 296
381 296
378 296
380 296
375 296
376 296
374 296
373 296
371 295
372 296
372 296
371 295
370 295
371 295
371 295
371 295
370 295
367 295
371 296
370 296
371 296
371 296
369 296
369 296
371 295
371 295
370 295
370 296
369 296
369 296
370 296
369 295
370 295
371 295
370 294
368 294
366 294
367 295
368 295
368 295
369 295
368 295
368 295
368 295
367 295
365 294
365 294
364 294
362 294
363 295
361 295
362 294
361 294
362 294
361 295
361 294
359 294
359 294
360 294
362 293
359 293
360 293
360 293
360 293
360 293
360 293
361 293
359 293
359 293
356 293
360 294
360 294
364 293
360 293
362 292
362 291
363 291
365 291
365 291
364 291
366 291
366 291
367 290
367 290
366 290
366 290
365 290
364 290
365 290
362 290
361 290
363 290
362 290
362 290
360 290
360 290
359 290
358 290
357 290
357 290
356 290
355 290
355 289
353 289
354 289
353 289
353 288
348 287
349 288
345 287
345 287
343 287
343 287
340 286
339 287
337 286
334 286
334 285
334 285
332 285
331 285
329 284
330 284
330 284
329 284
328 284
327 285
324 284
326 285
325 286
325 286
325 287
323 287
324 287
324 287
323 287
326 287
325 286
323 286
324 286
325 286
323 286
324 286
326 286
326 286
327 287
325 287
326 287
328 287
328 288
329 288
330 288
331 288
331 287
330 287
330 287
331 287
334 286
335 286
334 286
331 286
333 286
333 286
332 286
330 286
329 285
330 285
332 285
327 285
328 285
329 285
330 285
327 285
330 284
332 284
331 284
332 284
333 284
332 284
332 285
332 284
331 285
330 285
334 285
333 285
334 285
332 285
334 285
335 285
333 285
333 284
331 284
331 284
330 284
332 284
331 284
332 284
331 283
331 283
331 284
332 284
330 284
328 284
327 284
327 284
328 284
327 284
325 284
325 284
326 285
323 284
323 284
322 284
323 285
320 285
321 285
321 285
320 285
319 285
318 286
315 286
313 285
318 286
314 286
314 286
315 286
314 285
313 286
312 285
313 286
312 285
310 285
308 285
307 285
306 284
304 284
303 283
301 283
299 283
296 282
296 282
293 282
292 282
293 281
292 281
293 281
290 280
289 280
290 280
288 280
286 279
288 279
288 279
287 279
287 279
287 279
287 279
286 279
283 278
284 278
284 279
287 280
286 279
287 280
286 280
288 280
286 280
287 280
287 280
286 279
288 280
290 281
289 280
291 281
292 281
290 281
291 282
292 282
291 282
291 283
293 283
291 283
292 283
293 283
292 284
292 283
292 283
292 283
292 283
292 283
295 284
294 284
293 284
293 284
291 283
295 284
296 284
292 284
292 284
293 284
297 285
295 285
294 284
294 284
294 284
294 285
296 285
294 285
295 285
296 285
295 284
297 285
296 285
296 285
297 285
296 285
294 285
295 285
294 285
295 285
294 285
295 285
297 285
295 285
298 285
297 285
297 285
298 285
300 285
302 286
299 286
299 286
300 286
300 286
299 286
301 286
300 286
300 286
299 285
299 285
300 286
300 286
300 286
298 285
299 285
298 285
300 286
301 286
302 286
302 285
303 286
303 286
302 285
302 285
303 286
302 286
301 285
303 285
304 285
305 286
305 285
306 286
305 286
305 286
307 286
305 285
306 286
306 286
307 286
307 286
309 286
306 286
309 286
308 286
308 286
309 286
310 287
309 287
310 287
310 287
312 288
311 287
313 288
314 288
314 288
315 289
317 289
315 289
317 289
318 289
320 289
320 289
320 289
320 290
320 290
321 290
321 289
321 290
323 289
323 289
322 289
322 289
322 289
325 289
322 289
323 289
323 289
324 289
326 289
326 289
326 289
326 289
325 289
324 289
327 289
326 289
326 289
326 289
326 289
324 289
324 289
325 289
325 290
326 290
326 290
325 290
324 290
324 290
324 290
324 290
323 290
324 290
325 290
322 290
326 291
324 291
323 291
322 291
321 292
318 292
321 292
320 292
319 292
317 292
316 292
314 292
316 292
316 293
316 293
317 293
318 293
318 293
317 293
318 294
317 294
318 294
318 293
317 294
317 294
318 294
317 294
318 294
318 294
320 294
318 294
321 295
318 294
317 294
317 294
319 294
318 294
317 294
318 295
318 295
321 295
320 295
321 295
321 295
321 295
320 295
321 295
321 295
321 295
320 295
322 295
321 296
322 296
322 296
322 296
322 296
323 296
324 296
322 296
322 296
325 296
325 295
323 295
324 295
325 295
323 295
324 295
325 294
325 294
326 294
323 294
325 294
323 293
324 293
323 293
324 293
325 293
324 293
325 293
326 294
325 294
325 294
325 295
324 295
324 295
325 295
325 295
324 295
327 296
325 296
326 296
326 296
326 296
324 296
325 296
324 296
325 297
323 297
325 297
322 297
324 297
324 297
324 297
323 298
323 298
324 299
324 299
325 299
324 299
325 298
324 298
324 298
325 298
325 298
325 298
325 299
324 299
323 298
323 298
322 298
322 298
322 299
323 299
321 299
322 299
324 299
321 299
323 299
322 300
321 300
321 300
320 300
320 301
322 301
322 301
325 301
322 301
321 302
320 302
320 302
322 302
321 302
321 302
320 302
320 302
320 302
319 303
320 303
320 303
319 303
319 303
318 303
318 303
319 303
318 304
319 304
320 304
320 304
319 304
319 305
318 304
320 305
318 305
319 305
319 305
322 306
321 305
321 306
321 306
322 306
322 306
320 306
318 306
320 306
320 306
321 307
322 307
322 306
322 307
320 307
321 307
322 307
323 307
323 307
322 308
321 308
320 308
321 308
322 308
320 308
322 308
320 308
319 308
321 308
321 308
319 308
319 308
322 308
320 308
318 308
319 309
317 308
319 308
320 309
320 309
319 309
323 309
321 310
322 310
322 310
321 310
322 311
322 311
320 311
319 312
321 312
319 312
319 312
316 312
317 312
315 312
316 312
314 312
316 313
314 312
310 312
310 313
311 313
310 313
310 313
310 312
311 313
311 313
313 314
314 314
314 315
313 315
313 315
313 315
312 315
311 316
311 316
311 316
312 316
313 316
311 316
313 316
312 317
313 317
313 317
310 317
311 318
311 318
312 318
309 318
312 318
312 319
312 319
311 319
312 319
311 319
314 320
312 320
314 320
311 321
310 321
313 321
311 322
310 322
309 322
309 322
310 322
308 322
308 322
306 322
304 322
306 322
302 322
304 323
304 322
303 322
302 323
300 323
298 323
300 324
300 324
300 324
300 324
300 325
299 325
299 325
301 325
299 325
299 326
301 326
299 326
299 327
298 328
296 328
300 328
297 328
297 328
296 329
296 329
299 330
296 330
295 330
298 331
296 331
296 331
296 332
293 332
297 333
295 333
297 334
294 334
295 334
294 335
295 335
294 336
298 337
295 336
295 336
297 337
296 337
296 337
297 338
293 338
294 338
295 338
293 338
293 339
291 339
291 340
293 340
296 341
293 341
292 341
291 341
292 341
294 342
292 342
291 342
292 343
290 342
290 342
292 342
291 342
293 342
292 342
294 342
292 342
293 342
293 342
290 342
291 342
291 342
291 341
293 342
290 341
294 341
294 341
293 341
291 340
292 341
290 341
288 340
290 341
291 341
293 341
290 341
293 341
291 341
290 341
288 340
290 341
291 341
294 341
293 341
291 340
292 341
292 340
292 340
291 340
292 340
292 340
292 340
292 340
292 340
292 340
292 340
294 340
293 340
297 341
298 342
298 341
301 341
295 340
298 341
294 340
296 341
300 341
295 341
298 341
303 341
301 341
302 341
301 341
301 341
302 341
302 341
301 342
299 342
301 341
304 341
306 342
305 342
309 342
310 342
311 342
314 342
317 343
321 343
321 342
325 342
331 342
334 341
340 341
338 340
342 340
344 339
347 339
348 339
350 338
349 338
350 338
348 338
355 337
357 336
363 336
363 335
362 335
362 335
363 334
363 333
363 333
364 332
366 332
364 331
364 331
364 330
369 330
367 329
368 328
373 327
373 326
374 325
374 325
377 324
373 324
372 323
375 322
377 321
377 321
378 320
378 319
381 318
385 317
384 317
383 316
384 316
386 314
386 314
390 312
392 311
392 310
393 309
396 308
398 307
396 307
397 306
397 306
399 305
398 305
395 304
394 304
395 303
396 303
397 302
396 302
397 301
398 301
398 301
400 301
399 301
399 301
401 301
400 301
400 301
401 300
403 300
402 300
403 300
403 300
401 300
399 300
399 300
396 300
398 299
397 299
396 300
396 300
394 300
390 300
390 300
390 299
386 300
386 299
387 299
388 298
386 298
389 298
387 298
388 297
387 297
386 297
385 296
384 296
383 296
385 296
383 296
382 296
380 296
385 295
382 295
382 295
383 295
381 296
381 295
380 295
381 295
381 295
380 296
379 295
379 295
377 295
380 295
378 295
378 296
377 296
378 296
376 295
376 295
378 295
378 295
379 295
380 294
378 294
379 294
378 294
379 294
379 294
379 294
379 294
378 294
376 295
377 295
376 295
376 294
375 294
377 294
375 294
376 294
376 294
376 293
375 293
376 293
375 293
374 293
375 294
372 294
374 294
375 294
374 294
373 294
374 294
373 294
375 293
375 293
375 294
371 294
372 294
373 294
375 293
373 294
373 294
373 294
372 294
374 294
371 294
374 294
372 294
375 294
376 295
374 295
375 295
374 295
374 296
377 296
373 296
375 297
373 297
374 297
374 297
375 297
373 297
375 297
375 297
375 296
373 297
373 297
372 297
371 296
372 296
372 296
373 296
373 296
376 297
372 298
376 298
375 299
376 299
377 300
377 301
377 301
379 301
377 302
378 302
378 302
374 302
375 302
372 302
376 303
374 302
373 302
373 302
373 302
372 301
374 301
373 301
373 301
374 301
375 301
374 300
373 301
373 300
374 300
372 300
370 300
363 300
363 300
369 299
371 299
368 300
367 301
368 301
372 301
368 302
369 302
366 302
366 302
368 302
368 302
368 303
368 303
370 303
368 304
367 304
366 304
370 305
368 305
371 306
370 307
368 307
369 308
369 308
369 308
370 308
369 309
370 309
369 310
367 311
370 311
370 311
370 311
370 312
368 313
367 313
368 314
369 314
368 314
368 315
368 315
368 316
366 317
368 317
366 317
367 318
366 318
368 318
367 319
369 320
370 320
368 320
370 321
371 321
369 322
369 322
372 322
372 323
372 323
372 323
374 323
373 323
374 323
374 323
376 324
377 324
378 324
375 325
377 326
374 326
379 326
381 328
380 329
381 329
381 330
380 330
378 331
382 330
383 331
382 332
383 332
383 332
382 333
385 332
386 333
387 333
386 334
389 334
385 334
389 333
388 334
389 335
388 335
390 335
390 335
391 336
390 336
394 336
393 337
396 337
399 337
398 337
400 337
397 338
400 337
403 338
402 338
406 338
404 339
406 338
405 338
406 339
408 339
411 339
408 340
408 340
412 340
411 340
415 340
415 341
413 341
414 341
415 342
413 343
413 343
416 343
414 344
415 344
414 344
416 343
416 344
419 343
418 344
420 344
421 344
423 344
423 343
425 343
425 342
428 342
431 341
429 342
428 342
429 342
431 342
431 342
431 342
430 342
429 342
430 342
426 342
427 342
429 342
430 342
431 342
429 342
430 341
429 342
427 341
426 342
425 343
424 342
423 343
421 344
421 344
420 344
421 344
417 345
417 345
415 346
416 346
412 346
412 347
416 347
411 348
412 347
410 347
410 347
410 347
409 347
406 347
408 347
408 347
408 347
407 347
409 347
405 348
406 347
406 347
408 347
404 348
399 349
398 349
390 351
397 350
395 350
394 350
389 351
389 352
388 352
391 353
393 354
395 354
394 355
392 357
391 358
390 360
392 362
391 364