349 71
349 71
349 71
349 71
349 71
349 71
349 71
348 71
348 71
348 71
348 71
348 71
348 71
348 70
348 70
348 70
349 70
349 70
348 70
348 70
349 70
349 70
349 71
349 71
350 71
350 71
350 71
349 71
349 71
349 71
350 71
349 71
349 70
349 70
350 70
350 70
350 70
350 70
350 70
350 70
350 70
350 70
351 70
351 70
351 70
350 70
350 70
350 70
351 70
351 70
351 70
350 70
350 70
350 70
350 70
350 70
350 70
350 69
350 69
351 70
350 70
350 71
350 70
350 70
350 70
350 70
349 70
350 70
350 70
350 70
349 70
349 70
350 70
350 69
350 69
350 69
350 69
350 69
350 69
350 69
350 69
350 69
350 69
350 69
350 69
349 69
349 69
350 69
350 69
350 68
350 68
350 68
350 68
351 68
351 68
351 68
350 69
350 69
350 69
351 68
351 68
351 68
351 68
351 68
351 68
351 68
352 68
352 68
352 68
352 68
352 67
352 67
352 67
352 67
352 67
352 67
353 67
353 67
353 67
353 67
354 67
354 67
354 66
354 66
354 66
354 66
355 66
355 66
355 66
356 66
356 66
356 66
356 66
356 66
356 65
356 65
356 65
357 65
357 65
357 65
357 65
357 65
357 64
357 64
358 64
358 64
358 64
358 64
358 63
358 63
358 63
358 63
358 62
358 62
358 62
358 62
358 63
358 63
359 63
359 63
359 63
359 63
360 63
360 63
361 63
361 63
361 63
361 63
361 63
362 63
362 63
362 63
362 63
363 63
363 63
362 63
362 63
362 63
363 63
363 63
363 63
363 63
363 63
364 63
364 63
364 63
363 63
364 63
364 62
365 62
365 62
364 62
365 62
365 62
365 62
365 62
365 62
365 63
365 63
365 63
365 63
365 63
365 63
365 63
365 63
365 62
365 62
365 62
366 63
365 63
365 63
365 62
365 62
365 62
365 61
366 61
365 62
365 61
365 61
365 61
365 61
365 60
364 60
365 60
365 60
364 60
365 60
365 60
365 59
365 59
365 59
365 59
365 58
365 58
365 59
366 58
366 58
366 58
366 58
366 57
367 57
368 57
368 57
369 57
369 57
369 57
370 57
370 57
370 57
371 56
372 56
372 55
372 55
373 55
374 54
373 54
374 54
374 54
375 54
375 54
376 54
376 54
376 53
376 53
376 53
377 53
377 53
377 53
378 53
378 53
379 53
379 52
380 52
380 52
380 52
381 51
381 51
381 51
381 50
382 50
382 50
383 49
383 49
383 49
383 49
383 49
383 48
384 48
384 48
384 49
384 48
384 48
384 48
384 48
384 47
384 47
385 47
384 47
384 47
385 46
385 46
385 46
385 46
385 46
385 45
385 45
385 45
385 44
385 44
385 44
385 44
385 44
385 44
384 44
384 44
384 44
384 44
384 44
383 44
383 44
383 44
383 43
382 43
382 43
382 43
382 43
382 43
382 43
382 43
382 42
381 42
381 42
381 42
381 42
380 42
380 42
380 42
379 42
379 41
379 41
378 41
378 41
378 41
378 41
377 41
376 41
376 41
376 41
376 41
375 41
375 41
374 40
374 40
374 40
373 41
373 41
372 41
372 40
372 40
372 40
371 40
371 40
371 40
371 40
371 40
371 40
371 40
370 40
370 40
370 40
370 40
370 40
370 40
370 40
369 40
369 40
369 40
370 40
369 39
370 39
370 39
370 39
370 39
370 38
371 38
371 38
371 38
371 38
371 38
371 38
371 38
371 37
371 37
371 37
371 37
371 37
371 37
371 37
371 37
371 37
371 37
371 36
371 36
371 36
371 36
372 36
372 36
372 36
372 35
372 35
373 35
373 35
374 34
374 34
374 34
375 34
375 33
375 33
375 33
375 33
376 33
376 33
376 33
377 33
377 33
377 32
377 32
378 32
378 31
378 31
378 30
378 30
378 30
378 30
378 30
378 30
379 29
379 29
379 29
379 29
380 29
380 29
380 29
381 28
381 28
381 28
382 28
382 28
382 28
383 28
383 28
383 28
383 28
383 28
383 28
383 28
384 27
384 27
384 27
385 27
385 27
386 26
386 27
387 26
387 26
388 26
388 26
389 26
389 26
389 26
389 26
389 26
389 26
390 25
390 25
390 25
390 25
390 25
390 25
390 25
390 25
391 25
391 24
391 24
392 24
392 24
393 24
394 24
394 23
394 23
394 23
395 23
395 23
396 22
397 22
397 22
397 22
397 22
398 21
399 21
399 21
399 21
399 21
400 21
400 21
401 21
402 21
402 21
403 21
403 21
404 21
404 21
405 21
405 21
406 20
407 19
407 19
407 19
407 18
407 19
407 19
407 19
407 19
407 19
407 19
408 19
408 19
409 19
409 19
410 18
410 18
411 18
412 18
412 18
413 17
413 17
414 17
414 17
415 17
415 16
415 16
416 16
416 16
417 15
417 15
418 14
418 14
419 13
419 13
419 13
420 13
420 13
421 13
421 13
422 12
422 13
422 13
422 13
422 12
423 12
424 11
424 11
424 11
425 11
425 10
426 10
427 10
427 10
427 9
427 9
428 9
428 9
429 9
429 9
429 9
430 9
430 10
431 10
431 10
431 11
431 11
431 11
432 11
432 11
432 11
432 11
433 11
433 11
433 11
434 11
434 11
435 10
435 10
436 10
436 10
436 10
436 10
436 10
436 10
437 10
437 10
437 10
437 10
437 10
438 10
438 10
438 10
438 11
438 10
439 10
439 11
439 11
439 11
439 12
439 12
439 12
439 13
438 14
438 13
438 13
438 14
438 15
437 15
437 15
437 15
437 16
437 17
438 16
438 17
437 18
437 18
437 18
438 18
438 18
438 18
438 18
438 19
439 19
439 18
440 19
439 19
440 19
440 19
441 19
441 19
442 18
442 17
443 17
444 16
445 16
446 15
447 15
447 14
448 13
448 13
448 14
448 14
449 14
449 14
450 14
450 14
450 14
450 14
451 14
451 15
452 15
452 15
453 15
453 15
454 15
454 15
454 16
454 17
455 17
455 16
456 17
456 18
456 18
456 19
457 18
457 19
456 19
457 19
458 19
458 19
459 19
459 19
460 19
460 19
461 19
461 19
461 19
462 19
463 18
463 18
464 18
464 18
465 17
465 17
465 17
466 17
466 18
467 17
467 17
467 18
468 18
468 18
469 18
470 18
471 18
471 19
472 19
472 20
473 20
473 20
474 21
474 21
475 21
475 21
476 21
477 21
477 22
477 23
478 24
478 24
478 24
478 24
479 25
480 25
480 26
480 27
481 27
481 27
482 27
482 27
482 28
483 28
484 27
485 27
486 26
486 26
486 26
486 27
486 27
486 28
486 28
486 28
486 29
487 29
487 30
487 30
487 31
487 31
487 32
487 32
488 32
488 32
488 33
488 33
489 33
489 33
489 34
489 35
489 35
489 36
489 37
489 37
489 37
489 37
489 38
489 39
489 39
489 40
489 40
489 40
490 41
489 42
489 43
489 43
489 43
489 44
489 44
489 45
489 45
489 46
489 46
489 48
489 48
489 49
489 49
489 50
489 51
488 52
489 52
489 53
489 53
489 54
489 54
489 54
490 54
490 55
490 55
490 56
491 56
491 56
491 56
491 57
491 57
491 58
492 58
492 59
492 60
492 60
492 61
493 61
493 62
493 63
493 64
493 65
494 65
494 65
494 65
494 66
494 67
494 67
494 67
494 67
495 67
495 68
494 69
495 69
495 69
495 70
495 71
495 72
495 73
495 74
495 74
494 74
495 74
494 75
494 76
494 76
493 77
493 77
494 77
493 77
492 78
492 78
492 79
492 79
492 80
492 80
492 81
491 83
491 83
491 85
491 86
491 86
491 87
490 88
490 89
490 89
489 90
489 91
489 91
489 92
488 93
489 93
489 93
488 94
488 95
488 96
489 96
488 97
488 98
488 99
488 99
487 101
486 101
486 102
486 103
485 103
484 104
484 105
483 106
482 107
483 107
483 107
482 108
481 109
482 109
481 109
480 110
480 110
480 110
479 111
479 112
478 113
477 114
477 115
477 115
476 116
475 116
474 117
474 117
472 119
471 119
471 120
470 120
470 121
469 122
468 122
468 123
466 124
466 124
466 125
466 125
465 126
465 126
465 127
464 127
464 128
464 128
464 128
463 128
462 129
462 129
462 129
461 130
459 131
458 131
457 132
457 132
455 133
454 133
453 134
452 134
452 134
452 135
451 135
451 135
450 135
450 135
450 135
449 136
448 136
448 137
448 137
448 137
448 137
447 138
446 138
446 138
446 138
446 139
447 139
447 139
447 139
447 139
447 139
448 139
448 139
448 138
447 139
447 139
446 139
446 140
445 140
445 141
445 141
445 142
445 142
445 142
446 142
445 142
445 142
445 142
445 142
445 142
445 142
445 142
445 142
444 143
444 143
444 143
443 143
442 144
442 144
442 145
442 145
440 146
439 146
438 146
437 147
437 147
434 148
434 148
433 148
432 148
431 149
431 149
430 149
429 149
429 149
427 150
427 150
427 150
425 151
424 151
423 151
423 152
424 152
423 152
420 153
420 153
421 153
420 153
421 153
421 153
421 153
421 152
420 153
420 153
419 153
419 153
419 153
419 153
420 152
420 153
419 153
419 153
419 153
419 154
419 154
418 154
417 155
417 155
416 155
416 155
415 155
415 155
415 156
414 156
413 156
413 155
413 156
413 156
413 156
412 156
412 156
412 156
411 157
410 157
410 157
411 157
411 158
411 158
410 158
410 159
410 159
411 159
410 160
411 160
411 160
411 160
412 160
413 160
413 160
412 161
413 160
413 161
414 160
415 160
414 160
413 160
416 160
420 159
421 160
423 160
423 160
423 160
424 161
423 161
424 161
425 161
424 161
424 161
424 161
424 161
424 161
425 161
425 161
425 162
423 162
424 162
425 162
426 161
425 162
425 162
426 162
426 162
426 163
426 163
428 164
428 165
428 166
429 166
430 166
430 166
429 167
430 167
431 167
431 167
431 168
432 168
433 169
433 169
433 170
434 170
435 170
435 170
435 170
437 170
439 170
438 170
438 170
440 170
441 170
442 170
442 171
444 171
444 171
445 171
446 172
447 172
447 172
448 173
450 172
451 173
451 173
451 173
452 173
453 173
453 174
455 174
454 175
455 175
456 175
454 176
455 176
455 177
456 177
457 177
457 177
457 177
457 177
458 178
458 178
459 178
459 179
460 180
461 180
461 180
461 180
461 181
463 181
462 181
462 182
464 181
463 182
464 182
465 182
466 182
466 182
466 182
466 182
467 182
467 182
467 182
467 183
468 183
469 183
469 183
469 184
469 183
470 183
471 184
470 184
470 185
471 185
472 186
471 187
471 187
472 187
471 187
473 187
472 187
473 187
473 188
474 189
473 189
472 190
473 190
474 190
474 190
474 190
474 191
473 191
474 191
475 191
476 191
475 192
475 192
475 193
476 192
476 192
476 193
476 193
476 194
476 194
476 194
477 194
475 195
477 194
476 195
476 195
476 195
477 195
476 195
476 195
477 194
477 194
477 194
478 194
478 194
477 194
479 194
478 194
478 195
477 195
477 195
477 195
476 196
474 198
472 198
472 199
469 199
470 199
469 199
469 199
469 199
468 199
468 199
468 199
468 199
467 199
467 200
465 201
465 201
464 201
463 202
462 202
462 202
461 203
460 203
458 204
458 204
457 204
457 204
457 203
454 204
452 205
450 205
449 205
449 205
448 205
448 205
446 206
442 207
442 207
443 206
441 206
440 206
442 206
442 205
442 205
442 205
441 205
441 205
442 204
441 205
440 205
439 205
440 204
440 204
439 204
438 204
436 205
436 205
435 205
433 204
432 204
432 204
431 204
431 204
429 204
427 203
427 203
426 202
425 202
425 202
424 202
421 202
422 201
422 201
420 201
418 201
416 202
416 201
414 202
413 202
412 201
411 201
411 201
410 200
409 200
407 200
406 201
407 200
406 200
404 201
403 200
403 200
402 199
401 199
402 199
400 198
401 198
399 198
400 197
399 197
399 196
399 196
399 196
399 196
399 196
398 195
399 195
398 195
399 194
399 194
397 193
398 193
398 192
398 192
397 192
398 191
397 191
397 190
398 190
400 189
398 189
398 189
397 189
398 188
398 188
399 187
399 186
400 185
401 185
400 185
399 185
400 184
401 183
399 183
401 183
400 183
400 183
399 183
399 182
399 181
399 181
400 180
401 180
400 180
400 180
399 179
401 178
399 178
401 177
401 177
402 177
401 177
401 176
402 175
401 175
402 175
403 175
403 175
403 174
404 174
404 173
405 172
405 172
404 172
404 172
405 171
404 171
404 170
405 169
406 169
407 168
406 168
406 167
406 167
406 167
408 166
407 166
407 165
408 165
409 164
409 163
408 163
409 162
409 162
409 161
409 161
409 161
409 160
408 160
408 160
408 159
408 159
409 159
409 158
408 158
408 158
409 157
408 158
409 157
408 157
408 156
407 156
406 156
406 155
407 155
407 154
406 154
406 154
405 154
406 153
406 153
406 152
407 152
406 152
407 152
407 152
408 152
407 152
407 151
407 151
408 151
408 151
407 151
407 151
407 151
406 150
406 150
405 150
405 149
405 149
405 148
405 148
404 148
405 147
404 147
404 147
404 146
403 146
403 146
403 146
403 146
403 145
402 145
402 145
402 145
402 144
401 145
401 144
400 144
401 144
400 144
400 144
401 143
401 143
402 143
402 142
402 142
402 142
403 142
403 142
402 142
403 141
402 142
403 141
403 141
402 141
402 141
402 141
402 140
402 140
402 140
402 140
402 140
402 139
403 139
403 139
405 138
405 138
406 138
407 137
407 137
408 137
409 136
411 136
413 136
415 135
418 135
420 134
420 134
421 134
421 134
421 134
421 134
421 134
421 134
423 133
423 133
423 133
423 132
424 132
425 132
425 131
426 130
427 130
429 129
430 129
431 128
431 128
433 128
434 127
434 127
436 126
436 126
436 126
437 126
438 125
438 124
438 124
437 125
438 124
439 123
439 123
439 123
438 123
439 123
440 122
441 122
442 121
442 121
442 121
443 120
443 120
443 120
444 120
443 120
443 120
444 120
444 120
444 120
445 121
444 121
444 121
445 121
445 120
447 119
448 118
449 118
449 117
450 117
450 116
450 117
450 116
450 116
451 116
452 115
453 114
454 114
454 113
456 112
456 112
456 111
456 111
457 111
456 111
457 111
457 111
457 111
457 110
458 110
458 110
457 110
456 111
457 110
458 109
458 109
459 108
458 108
459 107
459 107
461 106
462 105
462 105
462 105
463 105
463 105
463 105
464 104
464 105
465 104
466 104
466 104
466 104
466 104
468 103
468 103
468 103
468 103
467 104
467 104
468 103
468 104
468 103
468 103
468 103
468 103
468 102
468 102
468 102
467 102
467 102
468 101
468 101
467 101
468 101
468 100
468 100
468 100
468 99
468 99
469 98
469 98
468 98
468 98
469 97
470 97
470 96
471 96
470 96
471 96
471 95
472 95
471 95
472 94
472 94
472 94
472 94
472 94
472 93
472 93
472 92
473 92
473 91
474 91
474 91
474 90
474 89
474 88
474 88
474 87
475 86
475 85
476 84
475 84
474 84
475 83
475 82
475 81
475 81
474 81
474 80
474 79
474 79
473 79
472 79
473 78
472 78
472 78
472 78
472 77
471 77
471 77
470 77
470 77
469 77
469 77
468 77
468 76
467 76
467 76
467 76
466 75
466 75
465 75
465 75
464 74
463 75
463 74
462 74
462 74
462 74
461 73
461 73
460 73
459 73
458 72
459 71
459 71
459 70
459 70
458 70
458 69
458 69
457 68
457 68
457 68
456 68
456 67
456 66
456 66
456 65
456 65
455 65
455 64
454 64
454 64
454 64
453 64
453 64
452 64
451 65
450 65
449 65
448 66
447 66
446 66
445 67
444 67
444 67
442 68
442 68
441 68
440 68
439 68
438 68
437 68
436 68
436 68
435 68
434 67
433 67
433 67
433 66
432 66
432 66
431 65
431 65
430 65
430 65
429 65
429 64
428 64
428 64
428 64
427 64
426 63
425 63
425 63
425 62
424 62
424 61
423 61
423 61
423 61
422 60
421 60
420 60
421 59
420 59
420 59
419 58
419 58
419 58
419 57
418 57
418 57
417 56
416 56
416 55
416 55
416 54
416 54
415 54
415 53
415 53
415 53
414 52
414 52
414 52
414 51
414 51
413 51
413 51
413 50
413 50
413 49
413 49
412 49
412 49
411 48
411 48
411 48
411 47
410 47
410 47
409 47
408 47
406 47
405 46
404 46
404 46
403 46
401 47
401 47
400 47
400 47
400 47
399 48
398 48
398 48
397 48
397 48
397 48
396 48
395 47
394 47
394 47
394 47
394 47
393 47
392 47
392 47
391 47
391 48
390 48
390 48
390 48
389 48
389 48
389 48
388 47
388 47
388 47
387 47
387 47
386 47
386 47
386 47
386 47
385 47
385 47
384 47
384 47
384 47
383 47
382 47
382 47
382 47
381 47
381 47
380 47
380 47
379 47
379 48
379 48
378 48
378 48
378 48
377 48
377 49
377 49
377 49
377 49
377 49
377 49
377 50
377 50
377 50
376 50
376 50
377 50
377 50
376 50
376 51
376 51
376 51
376 51
376 52
376 52
375 52
375 53
375 53
375 53
375 53
374 53
374 54
374 54
374 54
374 54
373 54
373 55
373 54
374 55
373 55
373 55
373 55
374 55
374 56
373 56
373 56
373 56
374 57
374 57
373 57
373 57
373 58
372 58
371 58
371 58
370 59
369 59
368 59
367 60
366 60
365 60
365 60
365 60
364 60
363 60
363 60
362 61
361 61
359 61
359 61
359 62
358 62
358 62
357 62
357 62
357 63
357 63
356 63
356 63
356 63
355 64
354 64
354 65
354 65
353 65
353 66
354 66
354 67
353 67
354 67
355 68
355 69
356 69
357 69
357 70
356 71
357 71
358 71
358 72
359 72
359 73
359 73
359 73
359 74
359 74
359 74
359 75
360 75
360 75
360 76
360 76
360 77
360 77
360 77
360 78
360 78
360 78
360 79
360 79
360 80
360 80
360 81
360 81
360 81
360 82
360 82
360 83
360 83
361 84
361 84
361 84
361 85
361 85
361 85
361 86
361 86
361 86
361 86
361 86
360 87
360 87
359 87
359 87
359 87
359 87
358 88
358 88
358 88
358 88
358 88
358 88
358 88
358 88
358 89
357 89
357 89
357 89
357 89
357 89
356 89
356 89
356 90
355 90
355 90
355 90
355 91
354 91
354 91
354 92
354 92
355 92
355 92
355 92
355 92
355 92
355 92
356 92
356 92
356 92
355 92
356 93
356 93
355 93
355 93
355 93
354 93
353 92
353 92
353 92
352 92
352 92
352 92
352 92
352 92
352 92
352 92
352 92
352 92
352 92
351 92
352 92
353 92
353 92
353 92
353 92
353 92
354 92
354 92
355 92
355 92
355 92
356 92
356 92
357 91
357 91
357 91
357 90
357 90
357 90
356 90
355 89
356 89
356 89
355 88
355 88
356 88
355 88
355 87
355 87
355 87
355 87
355 87
355 87
355 86
355 86
356 86
355 86
355 85
356 85
356 85
355 85
354 85
354 84
354 84
354 84
353 84
353 84
352 83
352 83
351 83
351 82
350 82
351 82
350 82
350 82
350 82
350 82
350 82
350 81
350 81
350 81
349 81
349 81
349 81
349 81
349 80
348 80
348 80
348 80
347 80
348 80
347 80
347 80
347 80
346 80
347 79
347 79
347 79
346 79
347 78
347 78
347 78
347 78
346 78
346 78
346 78
346 77
346 77
346 77
346 77
346 77
346 77
346 77
346 77
346 77
346 77
346 77
346 77
346 76
346 76
346 76
346 76
345 76
345 76
346 76
345 76
345 76
345 75
346 75
347 75
346 76
346 75
346 75
347 76
346 76
346 76
346 76
346 76
346 76
346 76
346 76
346 76
346 76
346 76
347 76
346 76
347 76
346 76
346 76
346 76
346 76
346 76
346 76
346 76
346 76
346 76
347 76
347 76
348 77
348 77
348 77
348 77
348 77
348 77
348 77
348 77
348 77
349 77
349 77
349 77
349 76
349 76
350 76
350 75
351 75
351 75
351 75
351 74
351 74
351 74
351 74
351 74
351 74
351 74
352 74
352 74
351 74
352 74
352 74
352 74
351 74
351 74
352 74
352 73
352 73
352 73
351 73
352 73
352 73
352 73
352 73
352 73
352 73
352 73
352 74
352 74
352 74
352 74
352 73
352 73
352 73
352 73
352 73
352 73
352 72
353 72
353 72
353 72
353 73
353 73
354 73
354 73
354 73
354 73
354 73
354 72
355 72
355 72
355 72
355 72
356 73
356 73
355 74
355 75
355 75
355 75
355 75
355 76
355 76
355 77
355 78
355 78
356 79
356 80
356 80
357 81
357 82
357 82
358 83
359 83
360 84
361 85
361 86
361 86
362 87
362 88
363 89
363 89
364 90
364 91
364 92
364 93
365 93
366 94
366 95
366 96
367 97
368 97
369 98
369 99
370 101
370 103
371 104
373 105
374 106
375 107
376 108
377 109
378 110
379 111
380 111
382 112
382 114
385 116
385 117
385 118
386 119
387 120
389 121
390 122
391 123
391 125
391 126
392 127
394 129
395 130
394 131
395 132
396 133
397 134
397 136
396 138
396 139
397 140
397 142
397 143
398 144
399 145
399 147
399 148
400 149
401 150
401 152
400 154
402 156
403 157
404 158
404 159
405 161
404 162
405 163
407 164
408 165
407 166
408 167
409 168
410 169
411 170
412 171
412 172
411 173
413 173
414 174
415 174
416 175
418 175
420 175
420 175
423 175
424 176
423 176
425 177
424 177
425 177
425 178
426 178
426 179
427 179
427 180
427 181
426 182
427 183
426 184
425 185
425 186
423 187
423 187
423 188
421 189
422 189
422 190
421 191
422 191
421 192
420 194
420 194
420 195
420 195
421 196
421 197
420 198
421 199
420 199
421 200
420 201
420 202
420 203
420 204
419 205
418 206
419 206
419 206
419 206
418 207
417 208
418 208
417 209
417 209
416 210
416 210
417 210
417 211
419 211
418 212
417 212
418 213
420 212
421 213
423 213
421 213
423 213
423 213
424 213
424 213
425 213
424 213
423 213
424 213
424 213
424 213
422 214
422 214
424 214
424 214
424 214
423 214
423 214
424 214
423 213
423 214
422 214
422 214
422 214
423 213
423 213
421 214
420 214
420 213
422 213
421 213
424 213
424 213
423 214
422 215
422 215
422 215
423 215
422 216
421 216
422 217
421 217
420 218
420 218
420 219
420 219
421 220
419 221
420 221
418 222
418 222
419 222
419 222
417 222
417 222
417 222
418 222
417 222
416 223
414 223
417 223
418 223
418 223
416 224
417 223
419 223
420 223
419 223
420 223
420 223
423 222
422 223
423 223
424 223
426 222
425 222
426 222
425 222
427 222
428 221
426 222
428 222
427 222
429 222
430 222
432 222
431 222
431 222
431 222
432 221
432 221
433 221
434 221
435 221
435 221
435 221
436 222
436 222
439 222
439 223
439 224
438 225
440 225
441 225
443 225
444 225
443 225
444 225
443 224
444 224
444 224
444 224
444 223
445 222
445 222
447 221
446 222
446 221
446 221
445 222
444 222
445 221
445 221
445 221
445 221
446 221
447 220
447 220
446 221
446 221
446 221
446 222
446 222
447 221
446 221
446 222
445 222
444 222
446 222
448 221
447 221
446 222
447 221
446 221
448 220
447 220
448 220
448 219
448 219
447 219
448 218
448 218
447 218
447 218
448 217
448 218
448 218
448 218
449 217
449 217
449 217
448 217
449 217
450 217
450 217
450 217
451 217
451 217
450 217
450 217
452 217
452 216
452 216
453 215
453 215
453 215
452 215
454 214
454 214
453 214
454 214
454 214
454 214
453 214
452 214
452 214
452 214
452 214
452 214
452 215
453 215
453 214
452 215
452 215
452 215
452 215
451 215
451 215
450 215
451 215
451 215
451 215
450 216
450 216
450 216
451 216
448 216
450 216
448 217
447 217
448 217
447 217
449 217
447 217
447 217
446 218
446 218
445 218
446 218
445 219
446 219
446 219
446 219
447 218
446 219
446 219
447 219
448 218
449 218
450 218
450 218
448 218
450 218
450 218
450 219
449 219
449 219
448 219
449 219
449 219
450 219
449 219
450 219
450 219
451 219
450 219
451 219
450 220
450 220
451 220
452 220
451 220
450 220
451 220
451 220
452 220
454 219
455 219
455 219
456 219
455 220
455 219
456 219
457 220
456 220
458 219
458 219
459 219
458 220
458 220
458 219
457 220
459 219
458 220
458 220
457 221
457 220
456 221
456 221
456 221
455 221
456 221
455 222
454 223
454 223
453 224
455 224
455 224
454 224
454 225
454 224
454 225
454 225
453 226
454 225
454 225
454 226
455 225
454 226
455 226
453 227
454 227
453 227
453 227
452 228
451 229
453 229
453 229
452 230
452 230
452 230
452 231
452 231
453 231
453 231
452 231
452 232
453 232
453 232
453 233
453 233
454 233
453 234
454 234
453 234
453 234
453 235
454 235
453 237
453 237
455 237
452 238
452 239
453 239
453 241
454 241
454 242
455 242
457 242
456 243
455 243
456 243
457 244
457 244
457 244
457 245
458 245
459 245
459 245
458 246
459 246
460 246
461 246
461 246
461 247
462 247
462 247
463 247
462 247
462 248
460 249
460 249
461 249
461 249
461 249
461 249
460 249
460 250
459 250
460 250
461 250
461 251
460 251
460 251
460 252
460 252
460 252
461 252
460 252
459 253
461 253
459 253
459 253
459 253
460 253
458 254
457 254
457 254
456 255
457 254
457 255
456 255
458 254
457 255
454 256
454 256
453 257
454 257
453 257
451 258
452 258
452 258
452 258
451 258
451 258
450 259
450 259
449 259
447 260
447 260
448 260
449 260
449 260
447 261
446 260
447 260
447 260
447 260
445 260
444 261
444 260
443 260
443 260
442 261
439 261
438 261
439 261
436 261
435 261
434 261
434 261
432 261
432 261
430 261
430 261
429 261
427 261
424 262
424 262
422 262
421 262
421 261
422 261
421 262
420 262
421 262
420 262
421 262
419 263
419 263
419 263
418 263
417 263
417 263
416 263
418 263
418 263
415 263
413 263
413 263
412 263
411 262
412 262
411 262
412 262
410 262
410 262
409 262
408 262
407 262
405 262
405 261
406 261
405 261
404 261
404 261
403 261
403 260
402 260
402 260
401 260
401 260
401 260
401 259
401 259
401 259
401 259
400 259
400 259
400 259
401 258
401 258
401 258
400 258
400 258
401 258
399 258
398 258
399 257
398 257
397 257
396 256
396 256
396 256
396 256
397 256
395 256
393 256
393 255
393 255
393 255
392 254
390 255
389 254
389 254
388 253
386 253
386 253
384 253
384 252
383 251
383 251
381 251
381 251
381 250
378 250
377 250
375 250
373 249
374 249
376 249
374 248
375 248
378 248
379 248
380 248
380 248
381 248
384 247
384 247
388 247
388 247
389 247
389 247
396 246
395 246
396 245
399 245
400 245
399 244
398 244
399 244
399 244
400 244
402 243
402 244
402 244
402 243
405 243
406 242
406 242
406 242
408 241
411 241
409 241
410 240
411 240
412 239
412 239
413 239
412 239
411 238
413 238
413 238
412 238
412 238
413 238
412 238
412 238
413 238
414 237
414 237
414 237
414 237
414 236
415 236
415 236
416 235
417 235
417 235
416 235
417 234
417 234
417 234
416 233
415 233
417 232
419 232
418 232
417 231
417 231
418 231
418 230
418 230
417 230
418 229
418 229
415 229
416 229
418 228
419 228
419 228
420 227
419 227
420 227
419 227
421 227
420 227
421 226
423 226
423 226
423 225
423 225
423 225
423 225
425 224
424 225
424 225
424 225
423 225
424 224
425 223
426 223
425 223
424 224
424 224
424 224
425 224
425 224
426 223
425 223
425 224
424 224
425 223
425 224
425 224
425 224
427 223
425 224
424 224
424 224
425 224
425 224
424 224
423 225
423 225
424 224
424 224
423 224
423 224
422 224
421 224
421 224
421 224
419 225
419 225
419 225
419 225
418 225
418 224
418 224
421 223
421 224
419 224
419 224
420 224
421 224
422 224
420 224
419 225
419 225
420 225
421 224
420 225
422 224
422 224
422 225
422 225
423 225
421 225
421 226
421 226
423 225
422 226
424 225
426 225
424 225
425 225
425 226
426 225
427 225
428 225
429 225
428 225